[[174, 90, 183, 119], [56, 81, 78, 147], [182, 91, 190, 119], [163, 77, 174, 108], [143, 78, 154, 107], [184, 79, 194, 107], [68, 85, 84, 131], [46, 85, 55, 109], [13, 84, 24, 107], [244, 73, 286, 168], [58, 77, 63, 89], [262, 78, 310, 162], [19, 80, 48, 152], [223, 81, 233, 107], [54, 77, 60, 89], [28, 85, 50, 146], [167, 80, 174, 100], [54, 83, 64, 117], [75, 82, 85, 106], [152, 82, 161, 104], [248, 78, 263, 113], [246, 78, 265, 127], [279, 79, 295, 115], [276, 79, 292, 116], [282, 80, 296, 111], [64, 84, 74, 116], [260, 81, 276, 116]]
[[173, 90, 183, 119], [56, 81, 78, 147], [182, 91, 191, 119], [163, 77, 174, 108], [143, 78, 154, 107], [184, 79, 194, 107], [68, 84, 84, 131], [245, 76, 288, 168], [264, 77, 311, 163], [46, 85, 55, 109], [13, 84, 24, 107], [58, 77, 63, 89], [28, 85, 50, 145], [223, 81, 232, 107], [20, 80, 49, 152], [54, 77, 60, 90], [75, 82, 85, 106], [167, 81, 175, 100], [249, 78, 262, 112], [152, 82, 161, 104], [55, 83, 64, 117], [278, 79, 297, 115], [64, 84, 74, 116], [282, 79, 298, 111]]
[[174, 90, 183, 119], [56, 81, 79, 147], [182, 91, 191, 119], [184, 79, 194, 107], [68, 84, 84, 131], [143, 78, 154, 107], [163, 77, 174, 108], [246, 76, 289, 169], [29, 84, 50, 145], [46, 85, 55, 109], [265, 76, 311, 163], [13, 84, 24, 107], [224, 81, 233, 107], [58, 77, 63, 89], [20, 80, 49, 152], [54, 77, 60, 90], [75, 82, 85, 107], [167, 81, 174, 100], [153, 82, 162, 104], [55, 83, 64, 117], [250, 78, 264, 112], [64, 83, 74, 117], [263, 80, 278, 113], [280, 77, 299, 116], [284, 78, 300, 113], [277, 79, 294, 117]]
[[174, 90, 183, 119], [56, 81, 78, 147], [182, 91, 190, 119], [184, 79, 194, 107], [143, 78, 154, 107], [163, 77, 174, 108], [247, 73, 290, 170], [46, 85, 56, 109], [68, 84, 84, 131], [13, 84, 24, 107], [267, 76, 312, 163], [29, 85, 50, 145], [19, 80, 49, 152], [58, 77, 63, 88], [54, 77, 60, 89], [223, 81, 233, 107], [167, 81, 175, 100], [75, 82, 85, 106], [153, 81, 163, 105], [251, 78, 264, 110], [55, 83, 64, 118], [278, 79, 296, 116], [65, 84, 74, 115], [265, 79, 280, 113], [264, 80, 277, 109]]
[[174, 91, 183, 119], [182, 91, 191, 119], [56, 80, 78, 147], [184, 79, 194, 107], [143, 78, 154, 107], [163, 77, 174, 108], [46, 85, 56, 110], [13, 84, 24, 107], [248, 73, 292, 170], [29, 84, 51, 145], [69, 84, 84, 131], [19, 80, 50, 152], [269, 76, 312, 164], [223, 81, 233, 107], [54, 77, 60, 90], [58, 77, 63, 89], [167, 81, 175, 100], [75, 82, 86, 106], [153, 82, 162, 104], [55, 83, 64, 118], [252, 79, 264, 108], [279, 79, 295, 113], [64, 83, 74, 116], [263, 79, 277, 110], [260, 80, 274, 110], [265, 78, 280, 111], [257, 78, 275, 116], [258, 80, 270, 107]]
[[174, 91, 183, 119], [182, 91, 191, 119], [56, 81, 78, 147], [143, 78, 154, 107], [184, 79, 194, 107], [163, 77, 174, 108], [28, 84, 51, 148], [46, 85, 56, 110], [69, 84, 84, 131], [13, 84, 24, 107], [19, 80, 50, 153], [251, 73, 293, 170], [223, 81, 232, 107], [54, 77, 60, 90], [273, 75, 313, 164], [167, 81, 175, 100], [153, 82, 162, 105], [75, 82, 86, 107], [54, 83, 63, 118], [251, 78, 266, 111], [58, 77, 63, 88], [265, 79, 278, 111], [279, 80, 295, 114], [253, 75, 280, 131], [64, 84, 74, 117], [262, 79, 276, 110], [278, 79, 297, 128], [260, 79, 273, 107]]
[[174, 90, 183, 119], [56, 81, 78, 147], [182, 91, 190, 119], [143, 78, 154, 107], [184, 79, 194, 107], [163, 77, 174, 108], [69, 84, 85, 131], [46, 84, 56, 110], [28, 84, 51, 149], [13, 84, 24, 107], [253, 73, 294, 170], [19, 80, 51, 152], [223, 81, 232, 107], [273, 76, 314, 164], [54, 76, 60, 90], [167, 81, 174, 99], [251, 78, 266, 111], [76, 81, 86, 107], [54, 83, 64, 118], [154, 82, 163, 104], [58, 76, 63, 88], [282, 79, 296, 113], [285, 79, 300, 115], [265, 78, 280, 113], [64, 84, 74, 116], [285, 77, 303, 127], [262, 79, 276, 111], [268, 79, 281, 111]]
[[174, 90, 183, 119], [56, 81, 78, 147], [182, 91, 190, 119], [143, 78, 154, 107], [184, 79, 194, 107], [163, 77, 174, 108], [69, 83, 85, 131], [46, 84, 56, 109], [28, 84, 51, 147], [19, 81, 50, 152], [13, 84, 24, 107], [256, 73, 294, 171], [223, 81, 233, 107], [276, 74, 315, 164], [167, 81, 174, 100], [54, 76, 60, 90], [76, 81, 86, 106], [251, 79, 267, 111], [54, 83, 63, 117], [154, 82, 163, 103], [58, 76, 63, 88], [64, 83, 74, 115], [284, 79, 301, 116], [281, 79, 297, 115], [264, 79, 279, 115], [262, 80, 276, 112], [281, 77, 302, 131], [268, 79, 281, 108]]
[[173, 90, 183, 119], [56, 81, 78, 147], [182, 91, 190, 119], [142, 78, 154, 107], [163, 77, 174, 108], [184, 79, 194, 107], [68, 83, 85, 132], [46, 84, 56, 109], [19, 80, 52, 152], [28, 84, 51, 147], [13, 84, 24, 107], [224, 81, 233, 107], [259, 72, 295, 171], [283, 75, 315, 163], [166, 80, 173, 99], [54, 83, 63, 117], [53, 76, 59, 89], [154, 82, 163, 104], [251, 79, 267, 111], [57, 76, 63, 88], [76, 81, 86, 106], [286, 79, 301, 115], [67, 83, 79, 115], [258, 78, 277, 122], [282, 80, 297, 114], [280, 79, 294, 113], [65, 84, 76, 115], [286, 78, 305, 130]]
[[173, 90, 183, 119], [56, 81, 78, 147], [182, 91, 190, 119], [163, 77, 174, 108], [142, 78, 154, 107], [69, 83, 85, 132], [184, 79, 194, 107], [19, 80, 52, 152], [28, 84, 51, 147], [46, 84, 56, 109], [13, 84, 24, 108], [224, 81, 233, 107], [262, 72, 297, 171], [166, 81, 173, 100], [287, 74, 318, 164], [57, 75, 63, 88], [54, 83, 63, 117], [154, 81, 163, 105], [53, 76, 59, 90], [286, 80, 299, 112], [253, 79, 268, 111], [67, 83, 79, 116], [76, 81, 87, 106], [259, 78, 278, 122], [66, 84, 76, 116], [280, 79, 293, 112], [55, 84, 66, 122]]
[[173, 90, 183, 119], [56, 81, 78, 147], [182, 91, 190, 119], [142, 78, 153, 107], [163, 77, 174, 109], [28, 84, 52, 148], [69, 83, 85, 132], [184, 79, 194, 107], [19, 80, 51, 152], [46, 84, 56, 110], [13, 84, 25, 108], [224, 81, 233, 107], [263, 71, 300, 171], [253, 78, 268, 111], [166, 80, 173, 99], [291, 74, 322, 164], [77, 81, 87, 105], [57, 76, 63, 88], [154, 82, 163, 104], [54, 83, 63, 117], [53, 76, 59, 90], [285, 79, 299, 111], [67, 83, 78, 116], [64, 84, 74, 116], [281, 78, 296, 112], [294, 77, 309, 113], [294, 76, 311, 121]]
[[173, 90, 183, 119], [56, 81, 78, 147], [182, 91, 190, 119], [163, 77, 174, 109], [142, 78, 153, 107], [29, 84, 53, 148], [184, 79, 194, 107], [68, 83, 85, 132], [19, 80, 51, 152], [13, 84, 25, 107], [46, 84, 56, 109], [224, 81, 233, 107], [267, 71, 302, 171], [166, 80, 173, 100], [254, 78, 269, 111], [293, 74, 324, 166], [77, 82, 87, 106], [54, 83, 63, 117], [57, 76, 63, 88], [53, 76, 59, 90], [285, 78, 300, 110], [154, 81, 163, 104], [64, 83, 74, 116], [67, 83, 79, 116], [55, 85, 65, 119], [281, 80, 293, 110]]
[[56, 80, 78, 147], [173, 90, 183, 119], [182, 91, 190, 119], [142, 78, 153, 107], [162, 78, 174, 109], [29, 84, 53, 147], [184, 79, 194, 107], [68, 83, 85, 132], [19, 81, 51, 152], [13, 84, 24, 107], [224, 81, 233, 107], [46, 84, 56, 110], [268, 71, 305, 172], [294, 74, 326, 164], [57, 76, 63, 88], [166, 81, 173, 100], [54, 83, 63, 117], [255, 78, 270, 111], [155, 82, 164, 103], [77, 82, 87, 105], [288, 79, 302, 111], [53, 76, 60, 89], [281, 79, 293, 108], [162, 81, 170, 102], [67, 83, 79, 116]]
[[56, 81, 78, 148], [173, 90, 183, 119], [182, 91, 190, 119], [142, 78, 153, 108], [163, 78, 174, 109], [30, 84, 53, 147], [184, 79, 194, 107], [20, 81, 51, 152], [13, 84, 24, 107], [67, 83, 85, 132], [224, 81, 233, 107], [270, 72, 307, 172], [166, 81, 173, 100], [57, 76, 63, 88], [46, 84, 56, 110], [294, 74, 328, 164], [156, 82, 165, 103], [54, 83, 63, 117], [77, 82, 87, 105], [256, 78, 270, 110], [288, 80, 302, 111], [53, 76, 60, 89], [158, 81, 167, 103], [283, 80, 295, 107], [281, 79, 294, 111], [162, 81, 170, 102]]
[[56, 81, 78, 148], [173, 90, 183, 119], [182, 91, 190, 119], [142, 78, 153, 107], [163, 78, 174, 109], [30, 83, 53, 147], [184, 79, 194, 107], [13, 84, 24, 107], [21, 81, 51, 153], [68, 83, 85, 132], [224, 81, 233, 107], [271, 74, 314, 172], [57, 76, 63, 88], [156, 83, 164, 103], [46, 84, 56, 110], [166, 81, 173, 100], [54, 83, 63, 117], [256, 76, 272, 111], [294, 74, 334, 168], [78, 82, 88, 105], [53, 76, 59, 89], [288, 79, 303, 111], [284, 79, 297, 111], [280, 79, 294, 111], [67, 83, 79, 117]]
[[56, 80, 79, 148], [173, 90, 183, 119], [182, 91, 190, 119], [142, 78, 153, 108], [163, 78, 174, 109], [30, 83, 53, 147], [14, 84, 24, 107], [184, 79, 194, 107], [20, 81, 51, 153], [68, 84, 85, 132], [272, 74, 321, 173], [224, 81, 233, 107], [78, 82, 88, 105], [46, 84, 56, 111], [166, 81, 173, 100], [57, 76, 63, 88], [156, 82, 165, 103], [294, 75, 337, 167], [259, 79, 274, 111], [54, 83, 63, 117], [285, 79, 301, 112], [53, 76, 60, 89], [284, 80, 297, 109], [158, 81, 167, 102], [64, 84, 74, 117], [67, 83, 79, 117], [160, 81, 169, 101], [280, 80, 294, 111]]
[[56, 80, 79, 148], [173, 90, 183, 119], [182, 91, 190, 119], [142, 78, 153, 108], [163, 78, 174, 109], [31, 84, 53, 147], [21, 81, 51, 153], [184, 79, 194, 107], [13, 84, 24, 107], [223, 81, 232, 107], [272, 74, 323, 174], [68, 83, 84, 133], [78, 82, 88, 106], [157, 81, 166, 103], [166, 81, 173, 100], [46, 85, 55, 110], [292, 75, 339, 170], [57, 76, 63, 88], [259, 79, 274, 111], [54, 83, 63, 117], [53, 76, 60, 89], [68, 83, 79, 117], [64, 83, 74, 116], [282, 78, 296, 111], [164, 80, 172, 102], [288, 81, 301, 109], [285, 80, 297, 108], [254, 74, 298, 172]]
[[56, 80, 79, 148], [173, 90, 183, 119], [182, 91, 190, 119], [142, 78, 153, 107], [163, 78, 174, 109], [31, 84, 53, 147], [13, 84, 24, 107], [184, 79, 194, 107], [21, 81, 52, 154], [69, 85, 85, 133], [223, 81, 232, 107], [45, 85, 56, 110], [157, 81, 166, 103], [273, 74, 326, 175], [78, 82, 88, 106], [166, 81, 173, 100], [259, 78, 275, 111], [68, 83, 79, 117], [58, 76, 63, 88], [54, 83, 64, 117], [295, 75, 337, 164], [53, 76, 60, 89], [64, 83, 74, 116]]
[[56, 80, 79, 147], [173, 90, 183, 119], [182, 91, 190, 119], [142, 78, 153, 108], [163, 78, 174, 109], [13, 84, 24, 106], [184, 79, 194, 107], [69, 85, 85, 133], [31, 84, 53, 147], [21, 81, 52, 153], [223, 81, 232, 107], [273, 72, 327, 176], [158, 81, 167, 104], [46, 84, 56, 110], [58, 76, 63, 88], [166, 81, 173, 100], [261, 78, 276, 111], [78, 82, 88, 106], [54, 83, 63, 117], [67, 83, 79, 117], [296, 76, 337, 164], [53, 76, 60, 89], [290, 80, 304, 111], [64, 83, 74, 117], [288, 81, 302, 110], [292, 79, 307, 113], [285, 81, 298, 109]]
[[57, 80, 80, 148], [173, 90, 183, 119], [182, 91, 190, 119], [142, 78, 153, 107], [163, 78, 174, 109], [14, 84, 24, 106], [31, 84, 53, 147], [184, 79, 194, 107], [22, 81, 52, 153], [69, 85, 85, 134], [223, 81, 232, 107], [274, 72, 327, 175], [158, 81, 167, 104], [58, 76, 63, 88], [166, 81, 173, 99], [262, 79, 277, 111], [54, 83, 63, 117], [68, 83, 79, 116], [46, 84, 55, 110], [78, 82, 89, 106], [297, 76, 338, 164], [54, 76, 60, 89], [66, 83, 76, 115], [288, 79, 303, 110]]
[[57, 80, 80, 148], [173, 90, 183, 119], [142, 78, 153, 107], [182, 91, 190, 119], [163, 78, 174, 109], [13, 84, 24, 106], [32, 84, 54, 147], [184, 79, 194, 107], [23, 80, 53, 154], [223, 81, 232, 107], [54, 83, 63, 117], [70, 86, 86, 134], [67, 83, 79, 117], [158, 81, 167, 104], [274, 72, 328, 175], [58, 76, 63, 88], [166, 81, 173, 100], [263, 81, 276, 110], [54, 76, 60, 89], [45, 84, 55, 110], [300, 75, 342, 167], [164, 80, 172, 101], [296, 80, 309, 109]]
[[173, 90, 183, 119], [57, 80, 81, 148], [182, 91, 190, 119], [32, 84, 54, 147], [142, 78, 153, 107], [163, 78, 174, 109], [14, 84, 24, 106], [54, 83, 63, 117], [184, 79, 194, 107], [23, 81, 53, 154], [223, 81, 232, 107], [58, 76, 63, 88], [70, 86, 86, 133], [275, 72, 329, 174], [67, 83, 79, 117], [158, 81, 167, 103], [165, 80, 173, 100], [264, 80, 278, 111], [54, 76, 60, 89], [80, 82, 90, 106], [45, 84, 55, 111], [162, 80, 170, 101], [302, 79, 343, 168], [289, 80, 304, 109]]
[[57, 80, 81, 148], [173, 90, 183, 119], [182, 91, 190, 119], [32, 84, 54, 147], [142, 78, 153, 107], [163, 78, 174, 109], [14, 84, 24, 106], [184, 79, 194, 107], [24, 81, 53, 154], [54, 83, 63, 117], [223, 81, 232, 107], [58, 76, 63, 88], [70, 85, 86, 133], [67, 83, 79, 117], [277, 72, 330, 174], [81, 82, 91, 105], [158, 81, 167, 103], [264, 80, 279, 111], [54, 76, 59, 89], [165, 81, 172, 100], [46, 84, 55, 110], [164, 80, 172, 101], [161, 81, 170, 101], [305, 75, 345, 167]]
[[173, 90, 183, 119], [57, 80, 81, 148], [33, 84, 55, 146], [182, 91, 190, 119], [142, 78, 153, 107], [184, 79, 194, 107], [14, 84, 24, 106], [162, 78, 174, 109], [25, 80, 54, 154], [54, 83, 63, 117], [70, 85, 87, 134], [223, 81, 232, 107], [58, 76, 63, 88], [68, 83, 79, 117], [81, 82, 91, 105], [54, 76, 59, 89], [264, 81, 279, 110], [279, 71, 334, 174], [159, 82, 168, 102], [165, 80, 172, 100], [45, 84, 55, 111], [163, 81, 171, 101], [293, 82, 307, 112], [65, 83, 75, 117], [306, 72, 353, 175]]
[[173, 90, 183, 119], [57, 80, 82, 148], [33, 83, 55, 146], [142, 78, 153, 107], [182, 91, 190, 119], [13, 84, 24, 106], [54, 83, 63, 117], [184, 79, 194, 107], [25, 80, 54, 154], [162, 78, 174, 108], [223, 81, 231, 106], [58, 76, 63, 88], [71, 85, 87, 133], [67, 83, 78, 117], [54, 76, 59, 89], [82, 82, 91, 105], [159, 82, 167, 102], [280, 70, 336, 175], [264, 80, 280, 110], [166, 81, 172, 100], [294, 80, 306, 109], [45, 84, 55, 112]]
[[173, 90, 183, 119], [58, 80, 82, 148], [33, 83, 55, 146], [142, 78, 153, 107], [13, 84, 24, 106], [182, 91, 190, 119], [54, 83, 63, 117], [184, 79, 194, 107], [25, 80, 54, 154], [162, 77, 174, 108], [223, 81, 231, 106], [71, 85, 88, 133], [58, 76, 63, 88], [67, 83, 78, 117], [54, 76, 59, 89], [82, 82, 91, 105], [282, 69, 337, 176], [159, 82, 167, 102], [264, 79, 281, 110], [165, 81, 172, 100], [161, 81, 169, 101], [295, 81, 307, 111], [164, 81, 171, 100], [45, 84, 55, 111]]
[[173, 90, 183, 119], [57, 80, 81, 149], [34, 83, 55, 146], [142, 78, 153, 107], [13, 84, 24, 106], [182, 91, 190, 119], [55, 83, 64, 117], [184, 79, 194, 107], [26, 80, 54, 154], [162, 77, 174, 109], [223, 81, 231, 106], [71, 85, 88, 133], [58, 76, 63, 88], [82, 82, 92, 105], [67, 83, 78, 117], [54, 76, 59, 89], [159, 82, 168, 102], [264, 78, 282, 111], [165, 80, 172, 100], [288, 69, 337, 176], [296, 80, 308, 110], [45, 84, 55, 111]]
[[173, 90, 183, 118], [58, 80, 82, 148], [142, 78, 153, 107], [34, 83, 56, 146], [182, 91, 190, 119], [13, 84, 25, 106], [184, 79, 194, 107], [72, 84, 89, 133], [27, 80, 55, 155], [162, 78, 174, 109], [223, 81, 231, 106], [55, 83, 64, 117], [58, 76, 63, 88], [82, 82, 92, 107], [54, 76, 59, 89], [159, 81, 168, 103], [68, 83, 78, 117], [166, 81, 173, 100], [265, 78, 281, 111], [293, 70, 339, 176], [295, 80, 308, 110], [45, 84, 55, 112]]
[[173, 90, 183, 118], [58, 80, 82, 148], [141, 78, 153, 107], [54, 83, 64, 117], [182, 91, 190, 118], [34, 83, 56, 146], [13, 84, 25, 106], [72, 85, 89, 134], [27, 80, 55, 155], [183, 79, 194, 107], [223, 81, 231, 106], [162, 78, 174, 109], [68, 83, 79, 117], [58, 76, 63, 88], [83, 81, 92, 105], [54, 76, 59, 89], [160, 81, 168, 102], [266, 77, 283, 111], [166, 81, 173, 100], [296, 79, 309, 111], [297, 71, 341, 178], [46, 84, 55, 110], [297, 48, 359, 186]]
[[173, 90, 183, 118], [59, 80, 82, 149], [141, 78, 153, 107], [182, 91, 190, 119], [34, 84, 56, 146], [14, 84, 25, 106], [28, 80, 56, 155], [54, 83, 64, 117], [162, 78, 174, 109], [72, 85, 89, 134], [183, 79, 194, 107], [223, 81, 232, 106], [68, 83, 78, 116], [83, 81, 92, 105], [58, 75, 63, 88], [160, 82, 168, 102], [54, 76, 59, 89], [267, 77, 284, 110], [166, 81, 173, 99], [297, 80, 309, 110], [301, 72, 342, 178], [45, 85, 56, 113], [302, 57, 354, 184]]
[[173, 90, 183, 119], [59, 79, 82, 149], [141, 78, 153, 107], [34, 83, 56, 147], [14, 84, 24, 106], [182, 91, 190, 119], [72, 85, 89, 134], [28, 80, 56, 155], [184, 79, 194, 107], [162, 79, 173, 109], [223, 81, 232, 106], [58, 75, 63, 88], [83, 81, 93, 105], [54, 83, 64, 117], [68, 83, 78, 116], [54, 76, 59, 89], [166, 81, 173, 100], [268, 77, 284, 110], [160, 81, 169, 102], [296, 80, 309, 111], [159, 80, 170, 109], [45, 84, 55, 111], [308, 79, 329, 133]]
[[173, 90, 183, 119], [60, 80, 83, 149], [73, 85, 90, 134], [34, 83, 56, 147], [141, 78, 153, 108], [14, 84, 25, 106], [182, 90, 190, 119], [28, 80, 56, 156], [184, 79, 194, 107], [54, 83, 64, 117], [223, 81, 232, 106], [83, 81, 93, 106], [58, 75, 63, 88], [69, 82, 79, 116], [161, 78, 173, 109], [54, 76, 59, 89], [166, 81, 173, 100], [269, 77, 284, 110], [160, 82, 168, 102], [296, 80, 309, 111]]
[[173, 90, 183, 119], [60, 80, 83, 148], [73, 85, 90, 134], [34, 83, 56, 146], [141, 78, 153, 107], [14, 84, 24, 106], [182, 90, 190, 119], [54, 83, 64, 117], [28, 80, 56, 156], [183, 79, 194, 107], [83, 81, 93, 105], [58, 75, 63, 88], [161, 79, 173, 110], [223, 81, 232, 106], [69, 83, 79, 116], [54, 76, 59, 88], [160, 81, 169, 102], [166, 81, 173, 100], [270, 77, 286, 110], [296, 79, 310, 111], [45, 85, 55, 111]]
[[173, 90, 183, 119], [73, 85, 90, 134], [61, 80, 83, 148], [141, 78, 153, 108], [34, 83, 56, 146], [14, 84, 24, 106], [182, 90, 190, 119], [27, 80, 56, 157], [183, 79, 194, 107], [54, 83, 64, 117], [161, 79, 173, 110], [58, 75, 63, 87], [223, 81, 232, 106], [84, 82, 93, 105], [69, 83, 79, 116], [54, 76, 59, 88], [165, 81, 172, 100], [161, 81, 169, 102], [272, 77, 286, 110], [297, 80, 310, 111], [45, 85, 55, 110]]
[[173, 90, 183, 119], [73, 85, 91, 134], [61, 80, 83, 148], [141, 78, 153, 108], [34, 83, 56, 146], [182, 91, 190, 119], [14, 84, 24, 106], [54, 83, 64, 117], [183, 79, 194, 107], [28, 80, 56, 157], [161, 79, 172, 109], [223, 81, 232, 106], [58, 75, 63, 87], [84, 81, 94, 105], [69, 83, 80, 117], [54, 75, 59, 88], [166, 81, 173, 100], [272, 77, 286, 110], [297, 80, 311, 110], [161, 82, 169, 102], [45, 85, 55, 110], [34, 84, 41, 110], [310, 83, 328, 130]]
[[74, 85, 92, 134], [173, 90, 183, 119], [61, 80, 85, 149], [141, 78, 153, 108], [34, 83, 56, 146], [182, 90, 190, 119], [14, 84, 24, 106], [54, 83, 64, 117], [183, 79, 194, 107], [27, 80, 57, 158], [161, 79, 172, 109], [58, 75, 63, 87], [223, 81, 232, 106], [84, 81, 94, 106], [70, 83, 80, 117], [54, 75, 59, 88], [166, 81, 172, 100], [272, 77, 287, 110], [161, 82, 169, 101], [298, 80, 311, 110], [45, 85, 55, 109], [33, 84, 41, 111]]
[[173, 90, 183, 119], [141, 78, 153, 108], [62, 80, 84, 149], [182, 91, 190, 119], [74, 84, 92, 134], [14, 84, 24, 106], [184, 79, 194, 107], [85, 82, 94, 106], [29, 79, 57, 158], [54, 83, 64, 117], [34, 83, 56, 147], [161, 79, 172, 109], [58, 75, 63, 87], [223, 81, 232, 107], [69, 83, 80, 116], [53, 75, 59, 88], [166, 81, 173, 99], [273, 77, 287, 110], [163, 81, 170, 100], [164, 80, 172, 101], [45, 85, 54, 109], [299, 78, 312, 110], [33, 84, 41, 111]]
[[62, 80, 84, 149], [173, 90, 183, 119], [141, 78, 153, 108], [182, 91, 190, 119], [74, 84, 93, 134], [14, 84, 24, 106], [184, 79, 194, 107], [34, 83, 56, 146], [54, 83, 64, 117], [28, 79, 57, 158], [85, 82, 94, 106], [161, 79, 172, 109], [58, 75, 63, 87], [223, 81, 232, 107], [70, 83, 80, 116], [53, 75, 59, 88], [273, 77, 288, 110], [166, 81, 173, 99], [164, 80, 172, 101], [163, 81, 170, 101], [44, 84, 54, 109], [299, 79, 312, 109], [33, 84, 41, 111]]
[[62, 80, 84, 149], [173, 90, 183, 119], [141, 78, 153, 108], [14, 84, 24, 106], [182, 91, 190, 119], [184, 79, 194, 107], [74, 84, 93, 134], [34, 83, 56, 146], [54, 83, 64, 117], [161, 79, 172, 109], [28, 80, 57, 159], [58, 75, 63, 87], [223, 81, 233, 106], [70, 83, 80, 116], [273, 77, 289, 110], [54, 75, 59, 88], [85, 82, 95, 106], [166, 81, 173, 99], [163, 81, 171, 101], [45, 85, 54, 109], [162, 81, 169, 101], [33, 84, 41, 111], [300, 78, 312, 109]]
[[63, 80, 84, 148], [173, 90, 183, 119], [141, 78, 153, 108], [14, 84, 24, 106], [182, 91, 190, 119], [75, 84, 93, 135], [184, 79, 194, 107], [54, 83, 64, 117], [161, 79, 172, 109], [34, 83, 57, 146], [224, 81, 233, 107], [28, 80, 57, 159], [58, 75, 63, 87], [70, 83, 80, 115], [273, 77, 290, 110], [167, 81, 173, 99], [54, 75, 60, 88], [45, 85, 55, 109], [33, 84, 41, 110], [85, 82, 95, 106], [163, 81, 170, 101], [164, 80, 172, 101]]
[[63, 80, 85, 148], [173, 90, 183, 119], [141, 78, 153, 108], [182, 90, 190, 119], [54, 83, 64, 117], [14, 84, 24, 106], [76, 84, 94, 136], [34, 83, 57, 146], [161, 79, 172, 109], [184, 79, 194, 107], [28, 80, 57, 159], [224, 81, 233, 106], [86, 82, 95, 106], [58, 75, 63, 87], [54, 75, 59, 88], [70, 83, 80, 116], [274, 77, 290, 110], [166, 81, 173, 100], [45, 85, 55, 110], [34, 84, 42, 110], [163, 81, 171, 101]]
[[63, 80, 85, 149], [173, 90, 183, 119], [141, 78, 153, 108], [182, 91, 190, 119], [14, 84, 25, 106], [54, 83, 64, 117], [161, 79, 172, 109], [75, 83, 94, 136], [184, 79, 194, 107], [34, 84, 57, 146], [28, 80, 58, 159], [224, 81, 232, 106], [86, 82, 96, 106], [58, 75, 63, 87], [70, 84, 80, 116], [54, 75, 59, 88], [274, 77, 291, 110], [166, 81, 173, 100], [45, 86, 55, 110], [34, 84, 42, 110], [163, 81, 170, 102]]
[[63, 80, 85, 149], [173, 91, 183, 119], [182, 91, 190, 119], [141, 78, 153, 108], [75, 82, 94, 136], [14, 84, 25, 106], [54, 83, 65, 117], [28, 80, 58, 160], [161, 79, 172, 109], [184, 79, 194, 107], [34, 83, 57, 147], [224, 81, 233, 106], [86, 82, 96, 106], [58, 75, 63, 87], [70, 83, 80, 116], [166, 81, 173, 100], [54, 75, 59, 88], [275, 77, 291, 110], [46, 85, 56, 110], [33, 84, 42, 110], [163, 81, 171, 102]]
[[63, 80, 86, 149], [173, 90, 183, 119], [182, 91, 190, 119], [141, 78, 153, 108], [75, 83, 94, 136], [14, 84, 24, 106], [161, 79, 172, 109], [28, 80, 57, 160], [34, 83, 57, 146], [183, 79, 193, 107], [54, 83, 65, 117], [224, 81, 233, 106], [87, 82, 96, 106], [58, 75, 63, 87], [70, 83, 80, 116], [166, 81, 173, 100], [276, 77, 291, 109], [54, 75, 59, 88], [45, 85, 56, 110], [33, 84, 42, 111], [164, 81, 172, 101], [163, 82, 170, 101]]
[[64, 80, 86, 149], [173, 90, 183, 119], [14, 84, 24, 106], [141, 78, 153, 108], [76, 84, 94, 136], [182, 91, 190, 118], [35, 83, 57, 146], [161, 80, 172, 109], [28, 80, 57, 160], [183, 79, 193, 107], [54, 83, 65, 117], [224, 81, 233, 106], [87, 81, 97, 107], [58, 75, 63, 87], [70, 84, 80, 117], [165, 81, 172, 100], [277, 77, 292, 109], [54, 75, 59, 88], [46, 86, 56, 110], [33, 84, 42, 110], [62, 83, 70, 105], [163, 82, 170, 101]]
[[64, 80, 86, 149], [173, 90, 183, 119], [141, 78, 153, 108], [14, 84, 24, 106], [182, 91, 190, 118], [76, 83, 94, 136], [28, 80, 57, 160], [161, 79, 172, 109], [34, 83, 57, 147], [183, 79, 193, 107], [224, 81, 233, 106], [54, 83, 65, 117], [87, 81, 98, 107], [58, 75, 63, 87], [165, 81, 172, 100], [54, 75, 59, 88], [70, 84, 80, 117], [278, 77, 293, 109], [45, 85, 56, 111], [62, 83, 70, 105], [163, 81, 171, 102], [33, 84, 41, 113]]
[[64, 80, 86, 148], [141, 78, 153, 108], [182, 91, 190, 119], [173, 90, 183, 119], [14, 84, 24, 106], [76, 83, 95, 136], [161, 80, 172, 109], [28, 80, 57, 160], [183, 79, 194, 107], [34, 83, 57, 146], [224, 81, 233, 106], [54, 83, 65, 117], [87, 81, 97, 106], [58, 75, 63, 87], [166, 81, 172, 101], [70, 83, 80, 116], [54, 75, 59, 88], [280, 76, 293, 109], [46, 85, 56, 110], [163, 83, 170, 101], [62, 83, 70, 105]]
[[64, 80, 86, 148], [141, 78, 153, 108], [182, 91, 190, 119], [173, 90, 183, 119], [14, 84, 24, 106], [77, 83, 95, 136], [184, 79, 194, 107], [161, 80, 172, 109], [28, 80, 57, 160], [224, 81, 232, 106], [34, 83, 56, 146], [54, 83, 65, 117], [88, 81, 98, 107], [70, 84, 80, 116], [57, 75, 63, 87], [166, 81, 173, 100], [53, 75, 59, 88], [46, 85, 56, 110], [280, 77, 293, 109]]
[[64, 80, 86, 149], [173, 90, 183, 119], [182, 90, 190, 119], [77, 84, 95, 136], [141, 78, 153, 108], [14, 84, 25, 106], [34, 83, 56, 146], [27, 80, 57, 160], [161, 80, 172, 109], [184, 79, 194, 107], [224, 81, 233, 107], [88, 81, 98, 106], [54, 83, 65, 117], [71, 83, 81, 116], [166, 81, 173, 101], [54, 75, 59, 88], [62, 84, 69, 104], [58, 75, 63, 87], [45, 85, 55, 109]]
[[64, 80, 87, 148], [173, 90, 183, 119], [182, 90, 190, 119], [141, 78, 153, 108], [34, 83, 56, 147], [14, 84, 25, 106], [27, 80, 57, 160], [161, 80, 172, 109], [184, 79, 194, 107], [224, 81, 233, 107], [77, 84, 95, 136], [89, 81, 98, 105], [54, 83, 65, 117], [71, 83, 81, 116], [166, 82, 173, 101], [62, 84, 69, 104], [54, 75, 59, 88], [58, 75, 63, 87], [45, 85, 55, 109]]
[[64, 80, 87, 148], [173, 90, 183, 119], [182, 90, 190, 119], [141, 78, 153, 108], [14, 84, 25, 106], [34, 83, 56, 148], [161, 79, 172, 109], [27, 79, 57, 160], [78, 83, 96, 136], [184, 79, 194, 107], [54, 83, 65, 117], [224, 81, 233, 107], [62, 84, 69, 104], [89, 81, 98, 106], [58, 75, 63, 87], [54, 75, 59, 88], [71, 83, 81, 116], [166, 81, 173, 101], [45, 85, 54, 109], [283, 78, 297, 109]]
[[64, 80, 87, 148], [173, 90, 183, 119], [182, 90, 190, 119], [78, 83, 96, 136], [141, 78, 153, 108], [14, 84, 25, 106], [161, 80, 172, 109], [34, 83, 57, 149], [184, 79, 194, 107], [27, 80, 57, 160], [224, 81, 233, 107], [54, 83, 65, 117], [62, 84, 69, 104], [89, 81, 99, 106], [54, 75, 60, 87], [58, 75, 63, 87], [71, 83, 82, 117], [166, 82, 173, 101], [45, 85, 55, 110], [284, 78, 298, 109]]
[[64, 80, 87, 148], [173, 91, 183, 119], [182, 90, 190, 119], [34, 83, 57, 149], [27, 79, 57, 160], [14, 84, 25, 106], [141, 78, 153, 108], [161, 79, 172, 109], [78, 83, 97, 136], [54, 83, 65, 117], [184, 79, 194, 107], [224, 81, 233, 107], [89, 81, 99, 106], [58, 75, 63, 87], [54, 75, 60, 87], [72, 83, 82, 116], [62, 84, 69, 104], [166, 82, 173, 101], [284, 77, 297, 109], [45, 85, 55, 110]]
[[65, 80, 88, 149], [173, 91, 183, 119], [182, 90, 190, 119], [161, 80, 172, 109], [141, 78, 153, 108], [14, 84, 25, 106], [27, 79, 57, 160], [184, 79, 194, 107], [79, 83, 97, 136], [34, 84, 56, 149], [224, 81, 233, 107], [54, 83, 65, 117], [90, 81, 100, 106], [58, 75, 63, 87], [54, 75, 60, 88], [62, 84, 70, 104], [166, 82, 173, 101], [72, 83, 82, 117], [284, 78, 299, 109], [45, 85, 55, 110], [75, 82, 86, 117]]
[[65, 80, 88, 149], [173, 90, 183, 119], [182, 90, 190, 119], [141, 78, 153, 108], [27, 79, 57, 160], [14, 84, 24, 106], [161, 79, 172, 109], [34, 83, 57, 150], [184, 79, 194, 107], [54, 83, 65, 117], [80, 83, 97, 137], [224, 81, 233, 107], [54, 75, 60, 87], [58, 75, 63, 87], [62, 84, 70, 104], [72, 83, 82, 116], [166, 82, 173, 100], [90, 81, 99, 107], [285, 78, 300, 109], [166, 82, 174, 102], [44, 85, 54, 110], [76, 82, 88, 118], [33, 84, 41, 110]]
[[65, 80, 88, 149], [173, 90, 183, 119], [182, 90, 190, 119], [80, 83, 98, 136], [14, 84, 25, 106], [141, 78, 153, 108], [27, 79, 58, 160], [161, 79, 172, 109], [184, 79, 194, 107], [54, 83, 65, 117], [33, 83, 57, 151], [225, 81, 233, 107], [54, 75, 60, 87], [58, 75, 64, 87], [62, 84, 70, 104], [165, 82, 172, 100], [72, 83, 82, 116], [285, 77, 300, 109], [166, 82, 174, 102], [90, 81, 100, 106], [44, 85, 54, 110], [33, 84, 41, 111], [70, 83, 80, 114]]
[[65, 80, 88, 149], [173, 90, 183, 119], [182, 90, 190, 119], [80, 83, 98, 137], [141, 78, 153, 108], [27, 79, 58, 161], [161, 79, 172, 109], [184, 79, 194, 107], [14, 84, 25, 106], [54, 83, 65, 117], [225, 81, 233, 107], [54, 75, 60, 87], [58, 75, 64, 87], [91, 82, 100, 106], [72, 83, 82, 116], [62, 83, 70, 104], [166, 82, 172, 100], [166, 82, 174, 101], [285, 77, 301, 109], [34, 82, 57, 153], [44, 85, 53, 110], [33, 83, 41, 111]]
[[65, 80, 88, 149], [174, 90, 183, 119], [182, 90, 190, 119], [141, 78, 153, 108], [81, 83, 99, 137], [184, 79, 194, 107], [28, 79, 58, 161], [161, 79, 172, 109], [14, 85, 25, 106], [55, 83, 65, 117], [225, 81, 233, 107], [54, 75, 60, 87], [58, 75, 63, 87], [91, 81, 101, 106], [72, 83, 82, 115], [35, 82, 57, 152], [166, 81, 172, 100], [167, 82, 175, 103], [286, 77, 301, 109], [62, 83, 70, 104], [44, 84, 54, 109], [33, 84, 41, 110], [76, 82, 88, 117]]
[[65, 80, 88, 150], [174, 90, 183, 119], [182, 90, 190, 119], [141, 78, 153, 108], [55, 83, 65, 117], [184, 79, 194, 107], [80, 83, 100, 136], [14, 84, 24, 106], [28, 79, 59, 160], [161, 79, 172, 109], [225, 81, 233, 106], [58, 75, 64, 87], [54, 75, 60, 87], [91, 82, 101, 106], [72, 83, 82, 115], [167, 82, 175, 103], [166, 82, 172, 100], [34, 82, 57, 152], [62, 84, 69, 104], [43, 84, 53, 110], [287, 77, 302, 109], [33, 84, 41, 111], [45, 85, 54, 109]]
[[65, 80, 88, 151], [173, 90, 183, 119], [182, 90, 190, 119], [141, 78, 153, 108], [14, 84, 24, 106], [55, 83, 65, 117], [161, 79, 171, 109], [184, 79, 194, 107], [81, 83, 99, 137], [29, 79, 61, 160], [225, 81, 233, 106], [58, 75, 64, 87], [54, 75, 60, 87], [92, 82, 102, 106], [73, 83, 82, 115], [168, 82, 176, 103], [166, 82, 172, 100], [288, 77, 303, 109], [62, 84, 69, 104], [44, 84, 53, 110], [34, 82, 57, 153], [33, 84, 41, 110]]
[[65, 80, 88, 151], [174, 90, 183, 119], [182, 90, 190, 119], [55, 83, 65, 117], [141, 78, 153, 107], [30, 79, 63, 160], [81, 84, 100, 137], [14, 84, 25, 106], [92, 81, 102, 105], [160, 79, 171, 109], [184, 79, 194, 107], [225, 81, 233, 106], [58, 75, 64, 87], [54, 75, 60, 88], [167, 82, 176, 103], [165, 81, 172, 100], [73, 83, 83, 116], [33, 84, 41, 111], [289, 75, 302, 109], [34, 82, 57, 153], [44, 85, 54, 111], [62, 84, 69, 104], [77, 82, 96, 134], [162, 81, 169, 102], [29, 82, 54, 152], [41, 84, 51, 111]]
[[65, 80, 87, 151], [174, 90, 183, 120], [55, 83, 65, 117], [141, 78, 153, 107], [182, 90, 190, 120], [81, 84, 100, 137], [30, 79, 64, 161], [92, 81, 102, 106], [14, 84, 25, 106], [183, 79, 194, 107], [225, 81, 233, 106], [160, 79, 171, 109], [58, 75, 64, 87], [54, 75, 60, 88], [165, 82, 172, 100], [168, 82, 176, 104], [73, 83, 83, 117], [33, 84, 41, 110], [289, 75, 303, 109], [78, 82, 96, 134], [34, 82, 57, 154], [44, 85, 53, 111], [62, 84, 69, 104], [30, 82, 54, 152], [41, 84, 52, 112], [162, 81, 170, 101]]
[[65, 80, 88, 152], [174, 91, 183, 119], [141, 78, 153, 107], [182, 90, 190, 119], [55, 83, 65, 117], [82, 85, 100, 137], [160, 79, 171, 109], [14, 84, 24, 106], [30, 79, 64, 161], [183, 79, 194, 107], [93, 82, 102, 106], [225, 81, 233, 106], [58, 75, 64, 87], [54, 75, 60, 87], [165, 82, 172, 100], [168, 82, 176, 103], [33, 84, 41, 111], [72, 83, 82, 117], [33, 82, 57, 153], [78, 82, 96, 133], [44, 85, 53, 111], [62, 84, 69, 105], [292, 74, 306, 109], [61, 84, 71, 115], [41, 85, 51, 111], [167, 82, 173, 101], [63, 84, 73, 116]]
[[64, 81, 88, 152], [174, 91, 183, 119], [141, 78, 152, 107], [182, 90, 190, 119], [82, 85, 100, 138], [160, 79, 171, 109], [183, 79, 194, 107], [54, 83, 65, 117], [93, 82, 102, 107], [14, 84, 25, 106], [224, 81, 233, 106], [30, 79, 67, 161], [58, 75, 64, 87], [54, 75, 60, 87], [165, 82, 172, 100], [168, 82, 176, 103], [33, 82, 57, 154], [72, 82, 82, 117], [33, 84, 41, 111], [78, 81, 96, 132], [44, 85, 53, 111], [61, 83, 72, 116], [292, 74, 306, 109], [41, 84, 52, 112], [45, 84, 55, 109]]
[[64, 81, 88, 152], [182, 90, 190, 119], [173, 90, 182, 119], [141, 78, 152, 107], [82, 85, 100, 138], [160, 79, 171, 109], [183, 79, 193, 107], [14, 84, 24, 106], [224, 81, 233, 106], [93, 82, 103, 107], [54, 83, 65, 117], [31, 79, 67, 162], [58, 75, 63, 87], [54, 75, 60, 87], [168, 83, 176, 103], [166, 82, 172, 100], [72, 83, 82, 116], [33, 84, 41, 111], [32, 82, 57, 154], [78, 82, 96, 131], [61, 83, 72, 115], [44, 85, 54, 110], [62, 84, 70, 106], [42, 85, 51, 111]]
[[64, 81, 87, 152], [182, 90, 190, 119], [173, 90, 182, 119], [141, 78, 152, 107], [82, 85, 101, 138], [160, 79, 171, 109], [183, 79, 193, 107], [32, 79, 67, 161], [14, 84, 24, 106], [224, 81, 233, 106], [55, 83, 65, 117], [93, 82, 102, 107], [58, 75, 63, 87], [54, 75, 60, 87], [168, 82, 176, 102], [166, 82, 172, 100], [32, 84, 41, 112], [71, 83, 82, 117], [33, 82, 58, 155], [61, 83, 72, 116], [78, 82, 98, 134], [42, 86, 52, 112], [44, 85, 54, 111], [62, 83, 70, 108], [293, 74, 308, 109], [22, 79, 53, 160]]
[[64, 81, 88, 152], [182, 90, 190, 119], [173, 90, 182, 119], [141, 78, 152, 107], [160, 79, 171, 109], [183, 79, 193, 107], [82, 84, 101, 138], [14, 84, 24, 106], [32, 80, 67, 162], [224, 81, 233, 106], [55, 83, 65, 117], [93, 82, 103, 107], [58, 75, 64, 88], [54, 75, 60, 88], [166, 81, 173, 100], [168, 82, 176, 102], [32, 84, 41, 112], [72, 83, 82, 117], [33, 82, 58, 153], [294, 75, 307, 108], [61, 83, 72, 115], [42, 86, 53, 114], [79, 82, 95, 127], [44, 85, 55, 112], [46, 84, 56, 110]]
[[64, 81, 88, 152], [174, 91, 183, 119], [182, 91, 190, 119], [141, 78, 152, 107], [160, 79, 171, 109], [83, 85, 101, 138], [183, 79, 193, 107], [33, 80, 70, 162], [14, 84, 24, 106], [224, 81, 233, 106], [94, 82, 104, 108], [31, 84, 41, 112], [166, 82, 173, 100], [58, 75, 64, 88], [169, 83, 176, 103], [54, 84, 65, 117], [35, 82, 59, 153], [53, 75, 60, 88], [73, 84, 83, 117], [294, 74, 307, 108], [61, 83, 72, 117], [79, 82, 94, 122], [79, 82, 91, 118], [42, 85, 52, 114], [79, 82, 97, 130], [44, 86, 55, 114]]
[[64, 81, 87, 152], [173, 91, 182, 119], [182, 91, 189, 119], [141, 78, 152, 107], [83, 84, 102, 138], [160, 79, 171, 109], [34, 80, 70, 162], [183, 79, 193, 107], [224, 81, 233, 106], [94, 82, 104, 107], [14, 84, 24, 106], [166, 82, 173, 100], [32, 84, 41, 111], [58, 75, 64, 88], [169, 83, 177, 103], [55, 83, 65, 117], [35, 81, 59, 155], [73, 82, 83, 116], [80, 82, 100, 131], [42, 85, 53, 115], [294, 76, 308, 108], [60, 82, 71, 116], [50, 83, 58, 107], [54, 75, 59, 88], [29, 85, 38, 111], [62, 83, 70, 108]]
[[64, 81, 87, 152], [173, 90, 182, 119], [182, 90, 189, 119], [160, 79, 171, 109], [141, 78, 152, 107], [35, 79, 70, 162], [83, 84, 102, 138], [183, 79, 193, 107], [224, 81, 233, 106], [94, 82, 104, 107], [14, 84, 24, 106], [166, 82, 172, 100], [169, 83, 177, 103], [58, 75, 64, 88], [31, 84, 40, 112], [73, 83, 84, 116], [35, 81, 60, 154], [29, 85, 39, 112], [54, 83, 64, 117], [294, 75, 308, 108], [80, 82, 100, 131], [51, 83, 59, 106], [54, 75, 59, 88], [61, 83, 69, 107], [43, 85, 53, 114], [60, 82, 70, 115], [48, 84, 58, 116], [57, 82, 69, 117]]
[[64, 80, 87, 152], [181, 91, 189, 119], [173, 91, 182, 119], [83, 83, 102, 138], [160, 79, 171, 109], [141, 78, 152, 107], [35, 79, 70, 162], [183, 79, 193, 107], [225, 81, 233, 106], [95, 82, 104, 107], [14, 84, 24, 106], [74, 83, 84, 116], [36, 81, 60, 154], [166, 82, 172, 99], [170, 83, 177, 103], [58, 75, 64, 88], [33, 84, 41, 111], [29, 85, 37, 112], [54, 83, 65, 117], [52, 83, 60, 105], [294, 75, 308, 108], [80, 83, 100, 130], [54, 75, 60, 88], [61, 83, 69, 106], [42, 85, 52, 112], [72, 83, 81, 115], [53, 83, 62, 116], [59, 82, 70, 116]]
[[64, 80, 87, 152], [181, 91, 190, 119], [173, 91, 182, 119], [160, 79, 171, 109], [84, 84, 103, 138], [141, 78, 152, 107], [36, 79, 69, 162], [183, 79, 193, 107], [225, 81, 233, 106], [14, 84, 24, 106], [95, 81, 104, 108], [36, 82, 60, 154], [170, 83, 178, 103], [166, 82, 172, 99], [74, 83, 85, 116], [28, 86, 37, 112], [58, 75, 64, 88], [55, 83, 66, 117], [33, 84, 42, 110], [81, 82, 101, 132], [295, 77, 308, 109], [53, 83, 60, 105], [53, 75, 60, 88], [73, 84, 82, 116], [59, 84, 68, 107], [41, 85, 51, 111], [43, 84, 53, 113]]
[[64, 80, 87, 152], [181, 91, 190, 119], [173, 91, 182, 119], [84, 84, 103, 139], [160, 79, 171, 109], [37, 79, 71, 162], [141, 78, 152, 108], [183, 79, 193, 107], [14, 84, 24, 105], [37, 82, 61, 153], [225, 81, 233, 106], [74, 83, 85, 116], [95, 81, 105, 108], [170, 83, 178, 103], [166, 81, 172, 100], [33, 84, 41, 112], [28, 86, 37, 113], [53, 82, 65, 118], [82, 82, 101, 132], [295, 75, 309, 109], [53, 83, 61, 108], [53, 74, 60, 89], [43, 84, 52, 112], [50, 83, 59, 113], [45, 83, 55, 112]]
[[64, 80, 87, 152], [173, 91, 182, 119], [181, 91, 190, 119], [84, 84, 104, 139], [160, 79, 171, 109], [141, 78, 152, 108], [183, 79, 193, 107], [14, 84, 24, 105], [38, 79, 71, 162], [38, 82, 60, 154], [225, 81, 233, 106], [75, 83, 85, 116], [96, 81, 105, 107], [165, 81, 172, 100], [170, 83, 178, 103], [28, 86, 37, 112], [33, 84, 41, 112], [54, 82, 66, 119], [295, 75, 309, 109], [82, 84, 101, 133], [53, 74, 60, 88], [54, 83, 63, 108], [57, 75, 63, 89], [56, 83, 65, 107], [42, 85, 52, 112], [51, 82, 63, 116], [49, 82, 59, 113], [46, 82, 55, 112], [58, 83, 67, 107], [40, 86, 50, 111], [43, 84, 54, 113]]
[[173, 91, 183, 119], [64, 80, 87, 152], [182, 91, 190, 119], [85, 85, 104, 139], [160, 79, 171, 109], [141, 78, 152, 108], [38, 81, 61, 154], [183, 79, 193, 107], [14, 84, 24, 105], [38, 79, 71, 162], [224, 81, 233, 106], [96, 81, 105, 108], [171, 83, 179, 103], [27, 86, 37, 112], [33, 84, 41, 112], [75, 83, 86, 116], [165, 81, 172, 100], [54, 82, 66, 120], [296, 75, 310, 108], [55, 83, 64, 107], [53, 74, 60, 88], [41, 85, 51, 112], [57, 83, 66, 107], [49, 82, 58, 108], [47, 82, 56, 111], [82, 83, 102, 132], [59, 83, 67, 108], [58, 75, 63, 88]]
[[173, 91, 183, 119], [182, 91, 190, 119], [85, 84, 104, 139], [64, 80, 87, 153], [38, 82, 62, 152], [160, 79, 171, 109], [141, 78, 152, 108], [183, 79, 193, 107], [14, 84, 24, 106], [39, 79, 71, 162], [224, 81, 233, 106], [170, 83, 179, 104], [96, 81, 105, 108], [27, 86, 37, 112], [165, 81, 172, 100], [33, 84, 42, 112], [54, 82, 66, 119], [76, 83, 87, 117], [55, 83, 64, 107], [53, 74, 60, 88], [83, 83, 102, 131], [58, 75, 63, 88], [53, 83, 61, 106], [296, 76, 310, 108], [41, 85, 51, 111], [50, 82, 59, 108]]
[[173, 91, 182, 119], [181, 91, 190, 119], [85, 84, 105, 139], [63, 80, 87, 153], [160, 79, 171, 109], [39, 81, 62, 153], [183, 79, 193, 107], [141, 78, 152, 108], [14, 84, 24, 106], [224, 81, 233, 106], [40, 79, 71, 163], [171, 83, 179, 104], [95, 80, 106, 108], [165, 81, 171, 100], [55, 82, 66, 120], [27, 86, 36, 112], [33, 84, 41, 112], [84, 83, 101, 131], [76, 83, 87, 119], [53, 74, 60, 88], [55, 83, 63, 107], [60, 83, 68, 107], [52, 83, 61, 105], [51, 82, 59, 105], [58, 75, 63, 88], [59, 83, 67, 108], [41, 85, 51, 112], [297, 76, 311, 109]]
[[173, 91, 183, 119], [181, 91, 190, 119], [86, 85, 106, 139], [63, 80, 87, 153], [160, 79, 171, 109], [141, 78, 152, 108], [39, 81, 62, 152], [183, 79, 193, 107], [225, 81, 233, 106], [14, 84, 24, 105], [40, 79, 72, 163], [96, 81, 106, 108], [55, 82, 67, 120], [171, 83, 179, 103], [165, 82, 171, 100], [77, 83, 87, 117], [27, 86, 36, 112], [33, 84, 42, 112], [84, 83, 102, 131], [54, 74, 60, 88], [56, 83, 64, 107], [52, 82, 61, 106], [41, 85, 51, 112], [54, 83, 62, 107], [58, 74, 63, 87], [57, 83, 66, 107], [60, 83, 68, 107]]
[[173, 91, 182, 119], [181, 91, 190, 119], [64, 80, 88, 153], [86, 84, 108, 139], [160, 79, 170, 108], [183, 79, 193, 107], [141, 78, 152, 108], [14, 84, 24, 106], [39, 81, 62, 153], [225, 81, 233, 106], [27, 86, 36, 112], [41, 79, 72, 164], [55, 82, 67, 121], [165, 81, 171, 99], [96, 81, 106, 108], [77, 83, 88, 117], [33, 84, 42, 111], [54, 74, 60, 88], [84, 82, 103, 132], [171, 83, 179, 103], [56, 84, 65, 106], [51, 82, 58, 105], [41, 86, 51, 111], [52, 82, 60, 105], [58, 75, 63, 87], [53, 83, 62, 106], [58, 83, 67, 107]]
[[181, 91, 190, 119], [173, 91, 182, 119], [64, 80, 88, 153], [86, 83, 109, 139], [160, 79, 171, 109], [183, 79, 193, 107], [141, 78, 153, 108], [39, 81, 63, 154], [14, 84, 24, 106], [43, 79, 72, 164], [225, 81, 233, 106], [27, 86, 36, 112], [97, 81, 107, 108], [56, 83, 67, 119], [54, 74, 60, 88], [77, 83, 88, 117], [33, 84, 41, 113], [165, 81, 171, 99], [40, 86, 50, 112], [84, 83, 102, 132], [52, 82, 59, 104], [59, 84, 67, 106], [171, 82, 179, 104], [58, 75, 63, 87], [53, 83, 61, 105], [56, 83, 64, 106]]
[[173, 91, 182, 119], [182, 91, 190, 119], [64, 80, 88, 153], [43, 79, 73, 165], [39, 81, 63, 154], [183, 79, 193, 107], [160, 79, 171, 108], [87, 84, 110, 139], [141, 78, 153, 108], [225, 81, 233, 106], [14, 84, 24, 106], [77, 83, 88, 117], [26, 86, 36, 112], [54, 75, 60, 87], [97, 81, 107, 107], [57, 83, 68, 119], [164, 81, 171, 99], [33, 84, 42, 112], [85, 83, 103, 131], [58, 75, 63, 87], [59, 83, 67, 105], [52, 82, 59, 104], [40, 86, 51, 112], [61, 83, 69, 107], [171, 82, 180, 104], [53, 83, 61, 104], [57, 84, 65, 106]]
[[173, 91, 182, 119], [181, 90, 190, 119], [65, 80, 89, 153], [88, 84, 112, 139], [183, 79, 193, 107], [160, 79, 171, 108], [39, 80, 64, 155], [43, 79, 73, 166], [15, 83, 24, 106], [141, 78, 153, 108], [225, 81, 233, 106], [78, 84, 88, 117], [54, 75, 60, 87], [97, 81, 107, 108], [33, 84, 42, 112], [164, 81, 171, 99], [26, 86, 36, 112], [58, 75, 63, 87], [56, 83, 68, 119], [59, 83, 67, 105], [86, 83, 103, 131], [52, 82, 59, 104], [40, 86, 51, 111], [171, 82, 180, 104], [54, 83, 61, 104], [61, 84, 69, 106], [161, 81, 169, 101]]
[[173, 91, 182, 119], [182, 91, 190, 119], [160, 79, 171, 109], [65, 79, 89, 153], [183, 79, 193, 107], [88, 84, 112, 139], [15, 83, 24, 105], [39, 80, 64, 155], [43, 79, 73, 166], [141, 78, 153, 108], [225, 81, 233, 106], [58, 75, 63, 87], [78, 84, 89, 117], [98, 81, 107, 108], [26, 86, 36, 112], [54, 75, 60, 87], [33, 84, 42, 112], [57, 83, 68, 119], [164, 82, 171, 99], [60, 84, 68, 105], [86, 82, 104, 132], [52, 82, 59, 103], [40, 86, 51, 112], [172, 81, 180, 104]]
[[173, 91, 183, 119], [182, 91, 190, 119], [65, 80, 90, 153], [160, 79, 171, 109], [89, 85, 112, 139], [39, 81, 64, 156], [184, 79, 193, 107], [45, 79, 74, 166], [141, 78, 153, 108], [58, 75, 63, 86], [15, 83, 25, 105], [225, 81, 233, 106], [98, 81, 107, 108], [79, 84, 89, 116], [54, 75, 60, 87], [26, 87, 36, 112], [34, 84, 42, 112], [57, 83, 67, 119], [87, 81, 105, 132], [52, 82, 59, 103], [60, 84, 68, 104], [164, 82, 171, 100], [40, 86, 51, 112], [172, 81, 181, 104]]
[[182, 91, 190, 119], [160, 80, 171, 109], [173, 90, 182, 119], [65, 79, 90, 154], [183, 79, 194, 107], [89, 85, 113, 139], [141, 78, 153, 108], [40, 81, 64, 155], [45, 79, 74, 167], [15, 84, 25, 105], [26, 86, 36, 112], [58, 75, 63, 86], [54, 75, 60, 87], [79, 84, 89, 117], [225, 82, 234, 106], [98, 81, 107, 107], [34, 83, 42, 112], [57, 83, 68, 119], [87, 81, 106, 133], [61, 85, 69, 105], [51, 82, 59, 103], [163, 82, 170, 101], [40, 86, 51, 111], [172, 82, 181, 104]]
[[182, 91, 190, 119], [160, 80, 171, 109], [173, 90, 182, 119], [65, 79, 90, 153], [183, 79, 194, 106], [40, 81, 64, 156], [141, 78, 153, 108], [89, 84, 113, 140], [15, 84, 25, 105], [44, 79, 75, 167], [58, 75, 63, 87], [25, 87, 35, 112], [80, 84, 90, 116], [54, 75, 60, 87], [225, 82, 234, 106], [98, 81, 108, 108], [57, 83, 68, 119], [61, 85, 68, 104], [51, 83, 58, 103], [34, 84, 42, 111], [88, 81, 107, 133], [163, 82, 170, 101], [39, 86, 50, 111], [173, 83, 182, 104]]
[[182, 90, 190, 119], [173, 90, 182, 119], [160, 80, 171, 109], [65, 79, 91, 154], [183, 79, 194, 107], [39, 81, 64, 156], [141, 78, 153, 108], [46, 79, 75, 167], [90, 84, 114, 140], [15, 84, 25, 105], [25, 86, 35, 112], [80, 84, 90, 117], [58, 75, 63, 87], [225, 82, 234, 106], [54, 75, 60, 87], [57, 83, 68, 119], [98, 81, 108, 108], [88, 82, 106, 132], [61, 84, 69, 105], [34, 84, 42, 111], [52, 83, 59, 104], [163, 82, 170, 101], [39, 86, 49, 111], [173, 83, 182, 104]]
[[182, 90, 190, 119], [160, 80, 171, 109], [173, 90, 182, 119], [66, 79, 91, 154], [40, 81, 64, 157], [183, 79, 194, 107], [46, 80, 75, 167], [141, 78, 153, 108], [15, 84, 25, 105], [90, 83, 114, 140], [58, 75, 63, 87], [57, 83, 68, 120], [225, 82, 233, 106], [54, 75, 60, 87], [25, 86, 36, 112], [99, 81, 109, 107], [51, 83, 59, 103], [80, 83, 91, 116], [61, 84, 69, 105], [34, 83, 42, 111], [89, 82, 107, 133], [39, 86, 48, 111], [162, 82, 170, 101], [173, 83, 182, 105], [162, 83, 168, 101]]
[[181, 90, 190, 119], [161, 80, 171, 109], [173, 90, 182, 119], [40, 81, 64, 158], [66, 80, 92, 154], [183, 79, 194, 107], [142, 78, 153, 107], [47, 80, 75, 167], [91, 83, 113, 140], [16, 84, 25, 105], [58, 75, 63, 87], [225, 81, 234, 106], [57, 83, 68, 120], [81, 83, 91, 116], [54, 75, 60, 87], [90, 82, 106, 132], [25, 86, 36, 112], [100, 81, 109, 106], [34, 84, 42, 111], [61, 84, 69, 105], [51, 83, 58, 103], [174, 83, 183, 105], [162, 81, 170, 102], [39, 86, 49, 111], [164, 82, 171, 101]]
[[181, 90, 190, 119], [160, 80, 171, 109], [39, 81, 64, 157], [173, 90, 182, 119], [67, 79, 92, 154], [183, 79, 194, 107], [142, 78, 153, 107], [47, 79, 76, 167], [91, 83, 114, 140], [58, 75, 63, 87], [15, 84, 25, 105], [25, 86, 35, 112], [57, 83, 68, 119], [225, 81, 234, 106], [54, 75, 60, 87], [90, 82, 107, 132], [100, 82, 109, 106], [81, 83, 92, 117], [34, 83, 42, 111], [51, 83, 58, 103], [61, 84, 69, 104], [174, 83, 183, 105], [162, 81, 169, 102], [39, 86, 49, 111], [73, 83, 83, 118]]
[[181, 91, 190, 119], [161, 80, 171, 109], [68, 79, 93, 154], [39, 81, 64, 156], [173, 91, 182, 119], [142, 78, 153, 107], [183, 79, 193, 106], [58, 75, 63, 87], [47, 79, 77, 169], [56, 83, 68, 120], [16, 84, 25, 105], [92, 83, 114, 140], [25, 86, 35, 112], [225, 82, 234, 106], [54, 75, 60, 87], [81, 82, 92, 117], [100, 81, 109, 106], [90, 82, 108, 133], [34, 84, 42, 111], [61, 84, 69, 105], [51, 83, 58, 103], [175, 83, 184, 105], [39, 86, 49, 112], [161, 81, 168, 101], [157, 84, 164, 100], [157, 83, 166, 101], [74, 82, 84, 118], [154, 86, 162, 100], [155, 85, 163, 100]]
[[181, 91, 190, 119], [161, 80, 171, 109], [39, 81, 64, 157], [173, 91, 183, 119], [68, 79, 93, 154], [142, 78, 153, 108], [183, 79, 193, 106], [93, 83, 114, 140], [58, 75, 63, 87], [47, 80, 77, 168], [16, 84, 25, 106], [56, 83, 68, 120], [225, 82, 234, 106], [24, 86, 35, 112], [54, 75, 60, 87], [82, 83, 93, 117], [50, 83, 57, 103], [100, 82, 109, 106], [175, 83, 184, 105], [34, 83, 42, 111], [61, 84, 69, 106], [91, 82, 108, 132], [161, 81, 168, 101], [39, 86, 49, 111], [74, 82, 84, 119], [154, 86, 162, 100]]
[[181, 90, 190, 119], [39, 80, 64, 158], [161, 80, 171, 109], [173, 91, 183, 119], [142, 78, 153, 108], [183, 79, 193, 106], [68, 79, 94, 154], [58, 75, 63, 87], [93, 82, 115, 140], [46, 79, 77, 172], [56, 83, 67, 120], [16, 84, 25, 105], [54, 75, 60, 87], [225, 81, 234, 106], [82, 83, 93, 117], [24, 87, 35, 112], [101, 82, 109, 106], [60, 85, 68, 106], [50, 83, 57, 103], [161, 81, 168, 101], [34, 84, 43, 111], [91, 81, 109, 133], [175, 82, 184, 104], [38, 86, 48, 111]]
[[39, 80, 64, 157], [161, 80, 171, 109], [181, 90, 190, 119], [173, 91, 183, 119], [68, 80, 94, 155], [141, 78, 153, 108], [183, 79, 193, 106], [58, 75, 63, 87], [46, 79, 77, 171], [56, 83, 67, 120], [94, 82, 115, 140], [16, 84, 25, 106], [83, 83, 94, 118], [54, 75, 60, 87], [225, 81, 234, 106], [24, 87, 35, 112], [101, 82, 110, 106], [60, 85, 68, 105], [50, 82, 57, 103], [175, 82, 184, 105], [35, 84, 43, 111], [161, 81, 168, 102], [92, 81, 112, 133], [36, 85, 45, 111]]
[[39, 80, 64, 157], [181, 90, 190, 119], [161, 80, 171, 109], [68, 80, 94, 155], [173, 91, 183, 119], [141, 78, 153, 108], [95, 82, 115, 140], [183, 79, 193, 107], [46, 79, 77, 172], [58, 75, 63, 87], [56, 83, 68, 121], [16, 84, 26, 106], [83, 83, 94, 117], [224, 81, 233, 106], [54, 75, 60, 87], [23, 87, 35, 112], [101, 82, 110, 105], [60, 84, 68, 105], [49, 82, 56, 103], [175, 83, 184, 105], [34, 84, 42, 110], [92, 81, 112, 132], [36, 85, 46, 111], [161, 82, 169, 102], [93, 82, 105, 115]]
[[39, 81, 64, 157], [181, 90, 190, 119], [160, 80, 171, 108], [173, 91, 183, 119], [95, 83, 115, 140], [141, 78, 153, 107], [183, 79, 193, 106], [69, 80, 95, 155], [46, 79, 77, 172], [58, 75, 63, 87], [56, 83, 68, 121], [16, 84, 26, 106], [84, 83, 94, 118], [54, 75, 60, 87], [23, 87, 35, 112], [224, 81, 233, 106], [101, 82, 110, 106], [176, 83, 184, 104], [61, 84, 69, 106], [34, 84, 42, 111], [49, 82, 56, 103], [93, 81, 112, 132], [161, 81, 168, 101], [36, 85, 45, 111], [154, 86, 162, 100]]
[[160, 80, 171, 109], [39, 81, 64, 158], [96, 83, 116, 141], [173, 90, 183, 119], [181, 91, 190, 119], [69, 80, 95, 156], [141, 78, 153, 108], [183, 79, 193, 107], [46, 80, 77, 172], [58, 75, 63, 87], [23, 87, 35, 112], [176, 83, 185, 104], [56, 83, 68, 121], [84, 83, 95, 118], [224, 81, 233, 106], [54, 75, 60, 88], [16, 84, 25, 105], [101, 81, 110, 105], [34, 84, 42, 111], [161, 82, 168, 101], [94, 81, 112, 133], [61, 85, 69, 106], [49, 83, 57, 104], [37, 86, 46, 112], [94, 81, 108, 118], [94, 81, 105, 113]]
[[160, 80, 171, 109], [39, 81, 64, 157], [181, 91, 190, 119], [173, 90, 183, 119], [141, 78, 153, 108], [69, 79, 95, 156], [96, 82, 116, 141], [183, 79, 193, 107], [46, 80, 77, 172], [58, 75, 63, 87], [176, 83, 185, 104], [85, 83, 96, 118], [23, 87, 35, 112], [56, 83, 68, 121], [224, 81, 233, 106], [54, 75, 60, 88], [16, 84, 25, 105], [101, 81, 110, 105], [34, 84, 42, 111], [61, 84, 69, 107], [161, 82, 168, 101], [94, 81, 113, 133], [49, 83, 56, 104], [37, 86, 46, 112], [95, 81, 107, 115]]
[[160, 80, 171, 109], [173, 90, 183, 119], [38, 81, 64, 158], [181, 91, 190, 119], [141, 78, 153, 108], [70, 79, 96, 156], [183, 79, 193, 107], [97, 82, 117, 142], [46, 79, 77, 172], [58, 75, 63, 87], [57, 83, 68, 120], [177, 83, 185, 104], [22, 87, 35, 112], [224, 81, 233, 106], [54, 75, 60, 88], [85, 83, 96, 118], [16, 84, 25, 106], [101, 81, 110, 106], [61, 85, 69, 106], [161, 82, 168, 101], [94, 81, 113, 133], [34, 84, 43, 111], [49, 82, 57, 104], [36, 86, 46, 112], [95, 82, 107, 116]]
[[160, 80, 171, 109], [181, 91, 190, 119], [98, 83, 118, 142], [173, 90, 183, 119], [70, 79, 97, 156], [142, 78, 153, 108], [38, 81, 64, 158], [46, 79, 77, 172], [183, 79, 193, 107], [58, 75, 63, 87], [177, 83, 185, 104], [57, 83, 68, 120], [22, 86, 34, 112], [224, 81, 233, 106], [55, 75, 60, 88], [34, 84, 43, 111], [102, 81, 111, 106], [61, 84, 69, 106], [86, 83, 97, 117], [161, 82, 168, 101], [95, 81, 115, 134], [17, 84, 26, 106], [50, 82, 58, 104], [36, 86, 46, 112], [95, 82, 106, 113], [96, 83, 110, 115]]
