[[182, 122, 203, 170], [219, 118, 236, 161], [203, 114, 218, 158], [242, 114, 262, 158], [127, 79, 138, 106], [90, 69, 97, 86], [96, 63, 105, 86], [97, 70, 104, 87], [126, 56, 145, 107]]
[[183, 123, 204, 171], [219, 118, 235, 160], [203, 114, 218, 158], [241, 115, 262, 158], [127, 80, 137, 106], [90, 69, 97, 86], [96, 64, 105, 86], [97, 69, 105, 87]]
[[184, 123, 205, 172], [202, 114, 218, 158], [240, 114, 261, 158], [218, 117, 235, 160], [127, 82, 137, 106], [97, 69, 105, 87], [90, 70, 97, 86], [96, 64, 105, 87]]
[[186, 125, 209, 174], [239, 112, 261, 158], [217, 117, 235, 160], [202, 114, 217, 157], [127, 80, 137, 106], [90, 69, 98, 86], [97, 63, 105, 86], [98, 69, 105, 87], [125, 56, 143, 107]]
[[239, 111, 261, 158], [186, 125, 209, 174], [201, 113, 217, 158], [218, 117, 234, 160], [127, 80, 137, 106], [90, 69, 98, 86], [97, 68, 105, 86], [125, 57, 141, 106]]
[[239, 112, 259, 157], [217, 117, 234, 161], [187, 126, 209, 175], [201, 113, 217, 157], [125, 56, 141, 106], [90, 69, 98, 86], [97, 66, 105, 87], [126, 78, 137, 106], [96, 61, 106, 87]]
[[239, 111, 259, 157], [217, 117, 233, 160], [187, 126, 209, 175], [200, 113, 217, 158], [125, 56, 141, 106], [96, 61, 106, 87], [90, 69, 98, 85], [126, 78, 137, 106], [97, 68, 105, 87]]
[[199, 113, 217, 158], [188, 126, 210, 175], [239, 111, 257, 156], [216, 116, 233, 160], [126, 78, 137, 106], [97, 66, 105, 87], [91, 69, 98, 86], [124, 57, 141, 106], [97, 61, 106, 87], [134, 80, 142, 102]]
[[190, 127, 211, 175], [239, 111, 255, 155], [216, 116, 232, 160], [199, 113, 216, 155], [126, 79, 136, 106], [97, 68, 105, 87], [90, 68, 98, 86], [124, 58, 141, 106], [134, 79, 142, 102]]
[[216, 116, 232, 160], [239, 111, 254, 155], [199, 113, 217, 154], [191, 126, 213, 175], [126, 79, 136, 106], [91, 69, 98, 87], [97, 68, 105, 87], [134, 80, 142, 102], [124, 58, 141, 105]]
[[198, 112, 217, 153], [215, 116, 231, 157], [238, 110, 251, 155], [195, 126, 214, 175], [126, 80, 135, 106], [91, 68, 98, 87], [97, 67, 105, 87], [134, 82, 142, 102], [124, 58, 139, 99]]
[[215, 115, 231, 156], [198, 112, 217, 154], [195, 125, 218, 175], [237, 110, 251, 154], [125, 81, 135, 106], [134, 81, 142, 102], [98, 67, 105, 87], [91, 69, 98, 87], [125, 58, 139, 99]]
[[214, 115, 231, 156], [197, 112, 219, 153], [237, 110, 251, 154], [196, 125, 219, 177], [125, 81, 135, 105], [133, 80, 142, 103], [91, 69, 98, 87], [98, 67, 106, 87], [184, 112, 201, 152]]
[[214, 115, 230, 156], [236, 110, 250, 154], [197, 128, 220, 178], [197, 112, 215, 153], [125, 81, 135, 105], [133, 80, 142, 103], [91, 69, 98, 87], [98, 66, 106, 87], [125, 60, 138, 90]]
[[214, 115, 230, 156], [235, 110, 250, 154], [197, 112, 214, 153], [198, 128, 219, 180], [125, 81, 135, 105], [133, 79, 142, 104], [91, 69, 98, 86], [98, 66, 106, 87], [125, 60, 138, 90]]
[[213, 115, 229, 156], [199, 129, 221, 180], [197, 111, 212, 152], [234, 109, 249, 154], [125, 80, 135, 105], [133, 80, 142, 104], [98, 67, 106, 87], [91, 70, 98, 86]]
[[213, 115, 229, 156], [199, 130, 220, 180], [197, 111, 212, 152], [234, 109, 250, 154], [125, 80, 135, 105], [133, 80, 142, 104], [98, 69, 106, 87], [91, 70, 98, 86]]
[[212, 114, 228, 155], [196, 111, 211, 152], [232, 109, 249, 154], [199, 131, 222, 182], [125, 80, 135, 104], [133, 79, 142, 104], [91, 69, 98, 87], [98, 68, 106, 87], [126, 60, 138, 89]]
[[196, 111, 211, 152], [232, 109, 249, 154], [212, 114, 227, 155], [201, 131, 223, 182], [125, 80, 134, 104], [133, 80, 142, 104], [91, 70, 98, 86], [98, 68, 106, 87]]
[[195, 111, 211, 152], [232, 108, 248, 154], [211, 114, 227, 156], [203, 132, 224, 183], [125, 81, 134, 104], [132, 79, 141, 104], [91, 70, 98, 86], [98, 68, 106, 88], [126, 60, 137, 87]]
[[194, 111, 211, 152], [231, 108, 248, 153], [211, 114, 226, 155], [205, 132, 225, 183], [125, 80, 134, 104], [91, 70, 98, 86], [132, 80, 141, 104], [98, 68, 106, 87], [126, 60, 137, 88]]
[[194, 111, 210, 152], [230, 108, 247, 152], [211, 114, 226, 155], [207, 132, 226, 183], [125, 80, 134, 104], [91, 70, 98, 86], [132, 80, 141, 104], [98, 69, 106, 87], [126, 60, 137, 88]]
[[229, 107, 245, 151], [194, 111, 210, 152], [208, 133, 228, 183], [210, 113, 225, 152], [125, 80, 134, 104], [91, 70, 98, 87], [132, 80, 141, 103], [98, 68, 106, 87]]
[[194, 110, 209, 152], [228, 107, 244, 151], [210, 133, 230, 184], [209, 112, 225, 153], [124, 80, 133, 104], [91, 70, 98, 87], [131, 80, 141, 103], [98, 69, 107, 88]]
[[227, 107, 244, 151], [193, 110, 208, 151], [211, 132, 231, 184], [209, 112, 224, 152], [124, 81, 133, 104], [91, 71, 98, 87], [131, 80, 141, 103], [99, 68, 107, 87], [27, 68, 33, 83], [126, 60, 136, 87]]
[[227, 107, 242, 151], [193, 110, 208, 151], [211, 133, 233, 184], [209, 112, 224, 152], [124, 80, 133, 104], [131, 80, 141, 103], [91, 70, 99, 87], [99, 68, 107, 88], [126, 60, 136, 87]]
[[192, 109, 207, 151], [212, 133, 234, 186], [226, 107, 242, 150], [208, 112, 224, 151], [124, 80, 133, 104], [91, 70, 99, 87], [98, 68, 107, 88], [131, 80, 141, 103], [126, 60, 136, 88]]
[[214, 135, 239, 186], [192, 109, 207, 150], [208, 112, 224, 152], [225, 107, 240, 150], [98, 68, 107, 88], [92, 70, 99, 87], [124, 80, 132, 103], [131, 79, 140, 103]]
[[214, 135, 239, 186], [192, 109, 207, 150], [208, 112, 224, 152], [225, 107, 240, 150], [98, 68, 107, 88], [92, 70, 99, 87], [124, 80, 132, 103], [131, 79, 141, 103]]
[[207, 111, 224, 151], [191, 109, 207, 149], [215, 135, 239, 187], [223, 107, 240, 150], [123, 80, 132, 103], [130, 79, 140, 103], [92, 71, 99, 87], [99, 68, 107, 88], [126, 60, 136, 86]]
[[190, 109, 207, 149], [220, 107, 240, 150], [206, 111, 223, 152], [215, 137, 240, 187], [123, 80, 132, 103], [130, 79, 140, 103], [99, 68, 107, 88], [92, 71, 99, 87], [126, 60, 136, 86], [176, 111, 194, 150], [170, 111, 188, 149]]
[[190, 108, 206, 149], [220, 107, 238, 147], [206, 111, 222, 151], [216, 137, 241, 187], [122, 80, 131, 103], [130, 79, 140, 103], [99, 68, 107, 88], [92, 71, 99, 87], [126, 60, 136, 88], [170, 111, 186, 149], [165, 111, 182, 149]]
[[189, 108, 206, 149], [205, 111, 222, 150], [220, 107, 238, 147], [217, 137, 242, 188], [122, 80, 131, 103], [99, 68, 107, 89], [130, 79, 140, 103], [92, 71, 99, 88], [170, 111, 187, 149], [126, 60, 136, 88]]
[[189, 108, 206, 149], [220, 106, 237, 148], [205, 111, 221, 151], [219, 137, 243, 187], [122, 80, 131, 103], [99, 68, 107, 89], [92, 71, 99, 88], [130, 79, 139, 103], [38, 69, 45, 84], [126, 60, 136, 88], [170, 111, 187, 149]]
[[219, 106, 236, 148], [189, 108, 205, 149], [204, 111, 220, 149], [223, 138, 246, 190], [99, 68, 107, 89], [122, 80, 131, 103], [92, 70, 99, 88], [130, 79, 139, 103], [41, 69, 48, 82], [126, 60, 137, 89], [171, 111, 187, 148], [175, 110, 192, 149]]
[[219, 105, 235, 148], [204, 111, 220, 149], [189, 108, 205, 148], [225, 138, 247, 189], [99, 68, 107, 89], [122, 80, 131, 103], [92, 70, 100, 88], [129, 78, 139, 103], [42, 69, 49, 84], [126, 60, 136, 88], [172, 110, 189, 148]]
[[188, 108, 204, 148], [219, 105, 234, 147], [226, 138, 248, 189], [203, 110, 219, 148], [99, 68, 107, 89], [122, 80, 130, 103], [92, 70, 99, 88], [129, 78, 139, 102], [162, 110, 178, 147], [157, 109, 176, 147], [172, 110, 189, 148], [176, 110, 193, 148], [43, 69, 50, 85]]
[[188, 108, 204, 148], [203, 110, 218, 148], [219, 105, 234, 147], [227, 138, 249, 190], [99, 68, 107, 89], [122, 80, 130, 102], [92, 70, 99, 88], [129, 78, 138, 102], [44, 69, 50, 85], [157, 109, 176, 147], [162, 109, 179, 148], [171, 110, 189, 148]]
[[203, 110, 218, 148], [188, 108, 204, 148], [218, 105, 234, 147], [228, 139, 250, 189], [99, 69, 107, 89], [92, 70, 100, 88], [122, 80, 130, 103], [129, 78, 138, 102], [162, 109, 180, 148], [156, 110, 177, 147], [170, 110, 188, 148]]
[[218, 104, 233, 147], [187, 107, 203, 146], [201, 109, 217, 148], [230, 140, 252, 192], [121, 80, 130, 103], [99, 68, 107, 89], [92, 70, 100, 88], [129, 78, 138, 103], [162, 109, 180, 146], [172, 109, 188, 146]]
[[187, 107, 203, 146], [218, 104, 233, 147], [201, 110, 217, 148], [230, 140, 252, 192], [121, 80, 130, 103], [99, 68, 107, 89], [92, 70, 100, 88], [129, 78, 138, 103], [162, 108, 179, 146]]
[[198, 109, 216, 148], [187, 106, 203, 146], [216, 105, 233, 147], [232, 142, 254, 192], [99, 68, 108, 89], [92, 70, 100, 88], [121, 79, 130, 102], [128, 78, 138, 102]]
[[197, 110, 215, 148], [187, 106, 203, 146], [215, 105, 232, 147], [232, 143, 255, 192], [92, 71, 100, 88], [99, 68, 108, 89], [121, 79, 130, 102], [128, 78, 138, 102]]
[[197, 109, 214, 148], [214, 105, 231, 147], [186, 106, 202, 146], [234, 144, 258, 193], [92, 70, 100, 88], [99, 68, 108, 89], [121, 79, 130, 102], [128, 78, 138, 102], [171, 107, 187, 146]]
[[186, 106, 202, 145], [214, 105, 230, 146], [197, 110, 213, 147], [235, 144, 259, 194], [92, 71, 100, 88], [99, 68, 108, 89], [121, 79, 130, 102], [128, 77, 138, 101], [172, 107, 188, 146]]
[[185, 106, 201, 145], [197, 109, 213, 147], [214, 105, 230, 146], [237, 145, 261, 196], [92, 71, 100, 89], [121, 79, 129, 101], [100, 69, 108, 89], [128, 77, 138, 101], [172, 107, 188, 146]]
[[183, 106, 200, 145], [213, 104, 229, 146], [196, 109, 212, 147], [241, 145, 265, 197], [120, 79, 129, 101], [92, 72, 100, 89], [100, 70, 108, 89], [128, 76, 137, 100], [172, 106, 189, 145]]
[[183, 106, 200, 145], [212, 104, 228, 146], [196, 109, 211, 147], [242, 145, 267, 199], [120, 79, 129, 101], [92, 72, 100, 89], [127, 76, 137, 101], [100, 70, 108, 89], [57, 68, 64, 82], [171, 107, 189, 145]]
[[183, 106, 199, 145], [196, 109, 210, 146], [212, 104, 228, 146], [243, 145, 269, 201], [120, 79, 129, 101], [92, 72, 100, 89], [127, 77, 137, 101], [100, 70, 108, 89], [59, 68, 66, 82]]
[[183, 106, 199, 145], [195, 108, 209, 146], [212, 103, 227, 145], [244, 145, 271, 201], [120, 79, 129, 101], [92, 72, 100, 89], [100, 70, 108, 89], [127, 78, 137, 101]]
[[183, 106, 198, 145], [195, 108, 209, 146], [211, 103, 226, 144], [245, 145, 272, 201], [120, 79, 129, 101], [92, 72, 100, 89], [127, 78, 137, 101], [100, 69, 108, 89]]
[[182, 105, 197, 144], [194, 108, 208, 146], [210, 103, 225, 144], [248, 147, 274, 203], [92, 72, 100, 89], [119, 79, 129, 101], [100, 70, 108, 90], [127, 77, 137, 101], [63, 68, 70, 82], [235, 148, 254, 201], [225, 151, 245, 199]]
[[209, 103, 224, 143], [194, 108, 207, 146], [181, 105, 196, 143], [250, 149, 276, 206], [119, 79, 128, 101], [93, 72, 100, 89], [100, 69, 108, 90], [127, 78, 136, 101], [65, 68, 72, 82], [235, 149, 255, 204]]
[[208, 102, 223, 143], [181, 105, 196, 143], [194, 108, 207, 146], [251, 149, 277, 209], [127, 79, 136, 101], [93, 72, 100, 89], [119, 79, 128, 101], [100, 69, 108, 90], [66, 68, 73, 82], [65, 68, 73, 87], [237, 151, 258, 205]]
[[206, 102, 222, 142], [193, 108, 207, 146], [180, 104, 196, 143], [255, 151, 279, 209], [93, 72, 100, 89], [100, 69, 108, 90], [119, 78, 128, 101], [126, 78, 136, 101], [68, 68, 75, 85]]
[[205, 103, 221, 143], [193, 108, 207, 145], [179, 104, 196, 143], [256, 151, 281, 211], [92, 72, 100, 89], [100, 69, 108, 90], [119, 79, 127, 101], [126, 77, 136, 100], [68, 68, 76, 85], [243, 152, 268, 213]]
[[205, 103, 221, 142], [193, 108, 206, 145], [179, 104, 195, 142], [258, 152, 282, 209], [119, 78, 127, 100], [92, 72, 100, 89], [126, 76, 135, 100], [100, 70, 108, 90], [70, 68, 76, 82], [69, 68, 77, 87]]
[[204, 103, 220, 143], [178, 104, 195, 142], [192, 107, 206, 145], [261, 153, 285, 209], [100, 70, 108, 90], [118, 78, 127, 101], [92, 72, 100, 89], [126, 77, 135, 100], [71, 68, 79, 84], [249, 152, 278, 214]]
[[204, 102, 220, 143], [178, 104, 195, 142], [192, 107, 206, 145], [262, 153, 287, 211], [100, 70, 108, 90], [118, 78, 127, 101], [92, 72, 100, 89], [126, 76, 135, 100], [72, 68, 80, 84], [250, 152, 278, 215]]
[[204, 102, 219, 142], [178, 104, 194, 142], [192, 107, 205, 145], [264, 154, 289, 210], [126, 76, 135, 100], [118, 78, 127, 101], [100, 70, 108, 90], [92, 72, 100, 89], [73, 68, 80, 85]]
[[204, 102, 219, 142], [177, 104, 194, 142], [192, 106, 205, 143], [265, 154, 289, 210], [100, 70, 109, 90], [92, 72, 100, 90], [126, 76, 135, 100], [117, 78, 127, 100], [74, 68, 81, 85]]
[[204, 102, 218, 142], [191, 106, 205, 143], [177, 104, 194, 141], [266, 155, 291, 210], [100, 70, 108, 90], [126, 76, 135, 100], [92, 72, 100, 90], [118, 78, 127, 100], [75, 68, 82, 86]]
[[203, 102, 217, 141], [177, 104, 194, 141], [191, 106, 205, 142], [268, 156, 295, 214], [100, 70, 109, 90], [125, 76, 135, 100], [118, 78, 126, 100], [92, 72, 100, 89], [77, 68, 84, 84], [247, 157, 284, 222]]
[[203, 102, 216, 141], [177, 104, 194, 141], [191, 106, 205, 142], [268, 156, 295, 214], [100, 70, 109, 90], [125, 76, 135, 100], [118, 78, 126, 100], [92, 72, 100, 89], [77, 68, 84, 85], [249, 157, 286, 223]]
[[202, 101, 215, 141], [190, 106, 204, 142], [176, 103, 193, 141], [100, 70, 109, 91], [269, 158, 297, 215], [125, 76, 135, 100], [92, 72, 100, 90], [117, 78, 126, 100], [79, 68, 86, 84], [249, 159, 287, 222], [157, 106, 172, 140], [126, 59, 137, 88]]
[[189, 106, 204, 142], [202, 101, 215, 141], [176, 103, 192, 140], [272, 159, 299, 216], [100, 70, 109, 91], [125, 76, 135, 100], [92, 73, 100, 91], [117, 78, 126, 101], [79, 68, 87, 85], [266, 159, 298, 221], [126, 59, 137, 88], [157, 106, 172, 139], [249, 160, 290, 225]]
[[175, 103, 192, 140], [189, 106, 203, 142], [201, 101, 215, 140], [100, 69, 109, 91], [276, 160, 303, 216], [125, 76, 135, 100], [118, 78, 126, 100], [92, 73, 100, 90], [81, 68, 89, 85], [262, 160, 297, 224]]
[[200, 101, 214, 140], [175, 103, 191, 140], [189, 106, 203, 142], [100, 69, 109, 91], [92, 73, 100, 91], [278, 161, 304, 215], [125, 76, 135, 100], [117, 77, 126, 100], [82, 67, 90, 86], [261, 162, 297, 225]]
[[200, 101, 214, 140], [175, 102, 191, 139], [189, 105, 203, 142], [280, 162, 306, 219], [100, 69, 109, 91], [92, 73, 100, 89], [117, 77, 126, 100], [125, 76, 134, 100], [83, 67, 91, 85], [262, 163, 300, 226]]
[[174, 102, 190, 139], [199, 101, 213, 140], [189, 105, 202, 142], [117, 77, 126, 99], [92, 73, 100, 89], [100, 70, 109, 91], [125, 76, 134, 99], [85, 68, 92, 85], [283, 162, 310, 218], [278, 162, 310, 234], [126, 60, 136, 86], [157, 105, 171, 138]]
[[174, 102, 189, 139], [199, 101, 213, 140], [188, 105, 202, 142], [100, 71, 109, 91], [93, 73, 100, 90], [117, 77, 126, 98], [285, 162, 312, 216], [125, 77, 134, 99], [85, 69, 92, 85], [279, 161, 311, 229], [268, 163, 309, 235]]
[[173, 102, 189, 139], [199, 101, 212, 140], [188, 105, 202, 141], [100, 71, 109, 91], [93, 73, 100, 91], [125, 77, 134, 99], [117, 77, 125, 98], [286, 162, 314, 219], [86, 68, 93, 85], [278, 161, 312, 230], [267, 163, 310, 235]]
[[172, 102, 188, 139], [198, 101, 212, 140], [188, 104, 201, 141], [101, 71, 109, 91], [93, 72, 100, 91], [117, 77, 125, 99], [125, 76, 134, 99], [287, 162, 316, 219], [87, 67, 94, 85], [280, 162, 313, 223], [287, 162, 321, 232], [266, 165, 305, 228]]
[[172, 102, 188, 139], [198, 100, 212, 140], [188, 104, 201, 141], [100, 71, 109, 91], [93, 72, 100, 91], [117, 77, 125, 99], [125, 76, 134, 98], [289, 162, 318, 218], [87, 68, 94, 85], [278, 162, 314, 226], [263, 165, 307, 234]]
[[171, 102, 187, 139], [187, 104, 200, 140], [198, 100, 211, 139], [92, 72, 100, 92], [100, 71, 109, 91], [125, 76, 134, 98], [117, 77, 125, 99], [292, 163, 320, 225], [88, 67, 95, 84], [277, 164, 315, 228], [126, 60, 136, 82]]
[[172, 102, 187, 139], [187, 104, 200, 140], [198, 100, 211, 139], [93, 72, 100, 92], [100, 71, 109, 92], [125, 76, 134, 98], [117, 77, 125, 99], [291, 163, 320, 224], [88, 67, 95, 84], [276, 164, 315, 230], [126, 60, 136, 84]]
[[196, 99, 210, 137], [187, 103, 199, 139], [171, 101, 187, 139], [100, 71, 109, 92], [92, 73, 100, 92], [116, 77, 125, 99], [124, 75, 134, 98], [90, 68, 97, 84], [297, 165, 327, 230]]
[[196, 99, 210, 137], [170, 101, 186, 138], [186, 104, 198, 139], [92, 73, 100, 92], [101, 71, 109, 92], [116, 77, 125, 98], [124, 75, 133, 98], [91, 67, 97, 83]]
[[195, 99, 209, 137], [186, 104, 198, 139], [169, 101, 186, 138], [92, 73, 100, 92], [101, 71, 109, 92], [124, 75, 133, 98], [116, 77, 124, 97], [126, 60, 136, 83]]
[[195, 99, 209, 137], [169, 101, 185, 137], [186, 104, 198, 139], [91, 72, 100, 92], [101, 71, 109, 92], [124, 75, 133, 98], [116, 77, 124, 98], [126, 60, 136, 84]]
[[194, 99, 208, 137], [185, 104, 197, 139], [169, 101, 184, 137], [101, 71, 109, 92], [91, 71, 100, 92], [123, 75, 133, 98], [116, 77, 124, 98]]
[[193, 99, 208, 136], [185, 104, 197, 138], [168, 100, 185, 137], [91, 71, 100, 92], [101, 71, 110, 92], [123, 75, 133, 98], [116, 76, 124, 98], [126, 60, 136, 83], [3, 60, 13, 85], [92, 66, 100, 84], [140, 102, 159, 134]]
[[193, 99, 207, 137], [185, 104, 197, 138], [168, 101, 183, 137], [101, 71, 109, 92], [92, 72, 100, 92], [116, 77, 124, 98], [123, 75, 132, 97], [3, 60, 13, 85], [92, 66, 100, 84], [140, 101, 158, 136], [127, 60, 136, 83]]
[[193, 99, 207, 136], [184, 103, 196, 139], [168, 100, 185, 137], [101, 71, 109, 92], [92, 72, 100, 93], [115, 77, 124, 98], [123, 75, 132, 97], [93, 67, 101, 85], [140, 101, 158, 137], [3, 60, 13, 85], [148, 102, 164, 135]]
[[193, 99, 207, 137], [184, 103, 196, 138], [168, 100, 183, 136], [101, 71, 110, 92], [91, 70, 101, 93], [116, 77, 123, 95], [123, 76, 132, 96], [141, 102, 159, 134]]
[[193, 98, 206, 136], [167, 100, 182, 137], [183, 103, 195, 137], [92, 73, 100, 93], [100, 71, 110, 92], [116, 77, 123, 95], [123, 76, 132, 97], [95, 67, 102, 84], [140, 103, 160, 133]]
[[193, 98, 206, 136], [167, 100, 182, 137], [183, 103, 195, 137], [92, 73, 100, 93], [100, 71, 110, 92], [116, 77, 123, 95], [123, 76, 132, 97], [94, 67, 102, 84], [141, 103, 160, 133]]
[[192, 98, 205, 135], [167, 100, 182, 137], [182, 103, 195, 137], [92, 73, 100, 93], [101, 71, 110, 92], [115, 77, 123, 96], [122, 76, 132, 98], [95, 67, 103, 84], [141, 103, 160, 133], [126, 60, 136, 87]]
[[192, 98, 205, 135], [167, 100, 182, 136], [181, 102, 195, 136], [92, 73, 100, 93], [101, 71, 110, 92], [115, 77, 123, 95], [122, 75, 132, 97], [95, 67, 103, 85], [126, 60, 136, 85], [141, 102, 159, 133], [148, 102, 165, 133]]
[[192, 98, 204, 134], [166, 100, 181, 136], [179, 102, 194, 136], [92, 74, 100, 93], [101, 71, 110, 92], [115, 77, 123, 95], [122, 76, 132, 97], [96, 67, 103, 85], [141, 101, 159, 133], [126, 60, 136, 85], [134, 102, 152, 133], [148, 102, 164, 133]]
[[191, 98, 204, 134], [166, 100, 182, 136], [180, 102, 195, 136], [92, 74, 100, 93], [101, 71, 110, 92], [115, 76, 123, 95], [122, 75, 132, 96], [96, 67, 104, 84], [141, 101, 159, 133], [126, 60, 136, 84], [148, 102, 164, 133]]
[[166, 99, 181, 136], [191, 97, 204, 134], [180, 102, 194, 136], [92, 74, 100, 94], [101, 71, 110, 92], [115, 77, 123, 95], [122, 75, 132, 97], [97, 67, 104, 84], [141, 102, 159, 133], [126, 60, 136, 84], [135, 102, 152, 132], [147, 101, 164, 133]]
[[166, 99, 180, 134], [190, 97, 204, 134], [180, 102, 193, 136], [92, 74, 100, 94], [101, 71, 110, 92], [115, 77, 123, 97], [122, 76, 131, 97], [97, 66, 104, 84], [141, 101, 159, 133]]
[[190, 97, 204, 134], [166, 98, 180, 134], [179, 102, 193, 136], [92, 74, 100, 94], [101, 71, 110, 92], [115, 77, 123, 96], [122, 75, 131, 97], [97, 66, 104, 83], [126, 60, 136, 86], [141, 101, 159, 133], [98, 66, 104, 79]]
[[190, 97, 203, 134], [179, 102, 193, 136], [166, 99, 180, 134], [92, 74, 100, 94], [101, 72, 110, 92], [115, 77, 123, 95], [122, 75, 131, 96], [97, 66, 105, 84], [126, 60, 136, 85], [98, 66, 104, 79], [141, 102, 159, 133]]
[[166, 98, 180, 134], [190, 97, 204, 134], [179, 101, 193, 136], [92, 74, 100, 94], [101, 72, 110, 92], [115, 76, 123, 94], [122, 75, 131, 95], [98, 66, 105, 84], [122, 76, 128, 91], [141, 101, 159, 133]]
[[165, 99, 179, 134], [179, 102, 192, 136], [189, 97, 203, 134], [91, 74, 100, 94], [101, 71, 111, 92], [115, 76, 123, 94], [122, 75, 130, 94], [98, 66, 106, 84], [126, 60, 136, 84], [122, 76, 127, 92]]
[[165, 99, 178, 133], [189, 97, 203, 134], [179, 101, 191, 136], [91, 75, 100, 94], [101, 71, 110, 92], [115, 76, 123, 93], [122, 76, 130, 94], [126, 60, 136, 85], [98, 65, 106, 83], [121, 76, 127, 92], [49, 57, 53, 67]]
[[165, 99, 178, 133], [189, 97, 203, 134], [179, 101, 191, 136], [91, 75, 100, 94], [101, 71, 110, 92], [115, 76, 123, 93], [122, 76, 130, 94], [126, 60, 136, 84], [98, 65, 106, 84], [121, 76, 127, 92], [49, 57, 53, 67]]
[[163, 99, 177, 133], [189, 97, 203, 134], [178, 101, 191, 135], [91, 75, 100, 95], [101, 71, 110, 92], [115, 76, 122, 93], [122, 76, 130, 94], [99, 66, 105, 81], [126, 60, 136, 83], [121, 76, 128, 93], [49, 57, 53, 67]]
[[163, 98, 176, 133], [188, 96, 202, 133], [177, 100, 190, 134], [91, 75, 100, 95], [101, 72, 110, 93], [115, 76, 122, 94], [122, 76, 130, 94], [99, 65, 105, 80], [126, 60, 136, 85], [57, 58, 62, 70]]
[[162, 98, 176, 133], [188, 96, 202, 132], [177, 100, 189, 134], [91, 75, 100, 95], [101, 72, 110, 93], [122, 75, 130, 95], [115, 76, 122, 94], [99, 65, 105, 79], [57, 57, 62, 69], [126, 60, 136, 87], [49, 57, 53, 67]]
[[162, 98, 176, 133], [188, 96, 202, 131], [176, 100, 189, 134], [92, 75, 100, 95], [101, 72, 110, 93], [122, 74, 130, 95], [115, 76, 122, 94], [57, 58, 62, 69], [99, 64, 105, 79], [126, 60, 136, 88], [49, 57, 53, 67]]
[[162, 97, 175, 133], [187, 95, 201, 131], [175, 100, 189, 133], [92, 75, 100, 95], [101, 72, 110, 93], [121, 74, 130, 95], [114, 75, 122, 94], [57, 58, 62, 69], [99, 64, 105, 80], [126, 60, 136, 84], [49, 57, 53, 67]]
[[161, 97, 175, 133], [187, 95, 201, 131], [175, 100, 189, 133], [92, 75, 100, 95], [101, 72, 110, 93], [121, 74, 129, 95], [114, 76, 122, 94], [57, 58, 62, 69], [126, 60, 136, 87], [141, 100, 158, 132]]
[[161, 97, 175, 133], [187, 96, 200, 131], [175, 100, 188, 133], [92, 75, 100, 95], [101, 72, 110, 93], [122, 76, 129, 94], [115, 75, 122, 94], [57, 58, 62, 69], [126, 60, 136, 85], [99, 64, 105, 80], [141, 100, 158, 132]]
[[161, 97, 174, 132], [186, 96, 200, 131], [174, 99, 188, 133], [92, 75, 101, 95], [101, 72, 110, 93], [114, 76, 122, 94], [122, 76, 129, 94], [57, 58, 62, 69], [126, 60, 136, 86], [120, 75, 126, 93], [141, 100, 159, 131], [135, 100, 153, 131]]
[[186, 96, 200, 131], [160, 97, 173, 132], [174, 100, 188, 133], [92, 75, 101, 95], [101, 72, 110, 93], [114, 75, 121, 93], [121, 76, 129, 93], [57, 58, 62, 69], [120, 76, 126, 92], [126, 60, 136, 87]]
[[185, 96, 199, 131], [159, 97, 173, 131], [174, 99, 187, 133], [93, 75, 101, 95], [101, 72, 110, 93], [121, 75, 128, 93], [114, 75, 121, 93], [57, 58, 62, 70], [126, 60, 136, 85]]
[[185, 96, 199, 131], [159, 97, 174, 131], [174, 99, 187, 133], [93, 75, 101, 95], [101, 72, 110, 93], [121, 75, 128, 93], [114, 75, 121, 93], [57, 58, 62, 70], [126, 60, 136, 85]]
[[185, 96, 198, 130], [159, 97, 173, 131], [173, 99, 186, 133], [93, 75, 101, 95], [101, 72, 110, 93], [114, 75, 121, 93], [121, 74, 128, 93], [57, 58, 62, 70], [99, 65, 105, 80], [126, 60, 136, 85]]
[[185, 96, 198, 130], [159, 97, 174, 131], [173, 99, 186, 132], [93, 75, 101, 95], [101, 72, 110, 93], [114, 75, 121, 93], [121, 75, 129, 93], [98, 65, 105, 80], [57, 58, 62, 70], [126, 60, 136, 84]]
[[173, 98, 185, 131], [158, 97, 173, 130], [184, 95, 197, 130], [93, 75, 102, 95], [101, 72, 111, 93], [114, 75, 121, 93], [121, 75, 129, 94], [98, 66, 105, 81], [57, 58, 62, 70], [126, 60, 136, 88]]
[[184, 95, 197, 130], [158, 97, 172, 131], [172, 98, 185, 131], [93, 75, 101, 95], [101, 73, 111, 94], [114, 75, 122, 94], [120, 75, 129, 94], [126, 60, 136, 88], [57, 58, 62, 70], [98, 66, 105, 85]]
[[184, 95, 197, 130], [158, 97, 172, 131], [172, 98, 185, 131], [93, 75, 101, 95], [102, 73, 111, 94], [114, 75, 121, 94], [120, 74, 128, 94], [57, 59, 62, 70], [126, 60, 136, 87], [47, 58, 51, 67]]
[[183, 95, 196, 129], [157, 97, 172, 131], [172, 98, 184, 131], [93, 75, 102, 94], [102, 73, 111, 94], [114, 75, 121, 94], [120, 74, 128, 94], [98, 66, 104, 80], [57, 59, 62, 70], [126, 60, 136, 84], [47, 58, 51, 67]]
[[183, 95, 196, 129], [157, 96, 171, 131], [172, 98, 184, 131], [93, 75, 102, 95], [102, 73, 111, 94], [114, 75, 121, 94], [120, 74, 128, 93], [58, 59, 62, 70], [126, 60, 136, 84], [47, 57, 51, 67], [98, 63, 105, 80]]
[[182, 95, 195, 128], [172, 98, 184, 131], [157, 96, 170, 130], [93, 75, 102, 95], [102, 73, 111, 94], [120, 74, 128, 93], [114, 75, 121, 94], [57, 58, 62, 70], [47, 57, 51, 67], [126, 60, 136, 84]]
[[182, 95, 195, 129], [171, 98, 184, 131], [157, 96, 170, 130], [93, 76, 102, 95], [102, 73, 111, 94], [120, 74, 128, 93], [113, 75, 121, 94], [57, 58, 62, 70], [47, 57, 51, 67], [126, 60, 136, 84]]
[[182, 94, 195, 129], [156, 96, 170, 129], [171, 98, 183, 130], [93, 76, 102, 96], [102, 73, 111, 94], [113, 75, 121, 94], [120, 74, 128, 93], [57, 58, 62, 70], [47, 57, 51, 67], [126, 60, 136, 84]]
[[182, 95, 194, 128], [171, 98, 183, 130], [156, 96, 168, 129], [93, 76, 102, 96], [102, 73, 111, 94], [114, 75, 121, 93], [119, 74, 128, 93], [97, 66, 104, 80], [57, 58, 63, 70]]
[[182, 95, 194, 128], [171, 98, 183, 130], [156, 96, 168, 129], [93, 76, 102, 96], [102, 73, 111, 94], [114, 75, 121, 93], [119, 74, 128, 93], [97, 66, 104, 80], [57, 58, 63, 70]]
[[181, 95, 194, 129], [156, 95, 168, 129], [170, 98, 182, 130], [93, 76, 102, 95], [102, 73, 111, 94], [114, 75, 121, 93], [120, 75, 128, 93], [97, 65, 104, 80], [57, 58, 63, 70]]
[[156, 95, 168, 129], [181, 95, 194, 128], [170, 97, 182, 130], [94, 76, 102, 95], [102, 73, 111, 94], [114, 75, 121, 93], [120, 75, 128, 93], [97, 65, 103, 79]]
[[169, 97, 181, 129], [155, 95, 167, 128], [180, 95, 194, 128], [94, 76, 103, 96], [102, 73, 111, 94], [113, 75, 120, 93], [119, 75, 128, 93], [118, 75, 124, 92]]
[[180, 95, 194, 128], [155, 95, 166, 128], [168, 97, 181, 129], [94, 76, 103, 95], [102, 73, 111, 94], [113, 75, 120, 93], [119, 74, 128, 93]]
[[154, 95, 166, 128], [167, 97, 180, 128], [180, 95, 193, 128], [94, 76, 103, 95], [102, 74, 111, 94], [113, 75, 120, 93], [119, 75, 127, 93], [96, 64, 103, 79]]
[[154, 95, 166, 128], [166, 97, 180, 128], [180, 94, 193, 127], [94, 76, 102, 95], [102, 74, 111, 94], [113, 75, 120, 93], [119, 74, 127, 93]]
[[166, 97, 180, 128], [154, 95, 165, 128], [179, 94, 193, 126], [94, 77, 102, 95], [102, 73, 111, 94], [113, 75, 120, 93], [119, 74, 127, 93]]
[[166, 97, 180, 128], [153, 95, 165, 128], [179, 94, 193, 126], [94, 77, 103, 95], [102, 74, 111, 94], [113, 75, 120, 92], [119, 75, 127, 93], [58, 58, 63, 71]]
[[153, 95, 165, 128], [166, 97, 180, 128], [179, 93, 192, 126], [94, 77, 103, 96], [103, 74, 111, 94], [113, 75, 120, 92], [118, 75, 126, 93], [58, 58, 63, 71]]
[[153, 95, 164, 128], [165, 97, 179, 128], [179, 93, 192, 126], [94, 77, 103, 96], [103, 74, 111, 94], [112, 74, 119, 92], [118, 75, 126, 93], [58, 58, 63, 71]]
[[153, 94, 164, 127], [165, 97, 179, 128], [179, 93, 192, 126], [95, 77, 103, 95], [103, 74, 112, 93], [112, 74, 119, 92], [118, 74, 126, 93], [126, 59, 136, 89], [58, 59, 63, 70], [14, 176, 25, 209]]
[[165, 97, 179, 128], [178, 92, 191, 126], [152, 95, 164, 126], [95, 77, 103, 95], [103, 74, 112, 93], [112, 74, 119, 92], [118, 74, 126, 93], [95, 63, 102, 78], [58, 59, 63, 70]]
[[177, 92, 191, 126], [152, 94, 164, 126], [165, 97, 178, 128], [95, 76, 103, 95], [103, 74, 112, 94], [112, 75, 119, 92], [118, 74, 125, 93], [58, 59, 63, 70], [95, 63, 101, 79]]
[[177, 92, 190, 125], [151, 94, 164, 126], [165, 96, 178, 127], [95, 76, 104, 95], [112, 75, 119, 92], [103, 75, 112, 94], [117, 74, 125, 92], [58, 59, 63, 70], [95, 63, 101, 78]]
[[177, 92, 189, 126], [165, 96, 177, 127], [151, 94, 164, 126], [95, 76, 103, 95], [117, 74, 125, 92], [103, 74, 112, 94], [112, 75, 119, 93], [58, 58, 63, 70], [94, 63, 101, 78]]
[[177, 92, 189, 126], [165, 95, 177, 126], [151, 94, 164, 126], [95, 77, 104, 96], [117, 74, 125, 92], [112, 75, 119, 92], [103, 75, 112, 94], [58, 58, 63, 70], [107, 76, 113, 92]]
[[164, 95, 177, 126], [177, 92, 189, 126], [150, 94, 164, 126], [112, 75, 119, 92], [117, 74, 125, 93], [95, 77, 104, 96], [103, 75, 113, 94], [93, 62, 100, 78], [58, 58, 63, 70]]
[[176, 92, 188, 125], [164, 95, 176, 126], [150, 94, 163, 127], [112, 74, 119, 92], [117, 74, 125, 93], [94, 77, 104, 98], [103, 75, 113, 95], [93, 62, 100, 78], [58, 58, 63, 70], [126, 59, 136, 88]]
[[176, 92, 188, 125], [164, 95, 176, 126], [150, 94, 163, 126], [117, 73, 125, 92], [112, 74, 119, 92], [94, 77, 104, 98], [103, 75, 113, 95], [58, 58, 63, 70], [93, 62, 100, 78]]
[[163, 95, 176, 126], [176, 92, 188, 124], [150, 94, 163, 125], [112, 74, 119, 92], [116, 74, 124, 92], [95, 77, 104, 98], [104, 75, 113, 95], [58, 58, 63, 70], [93, 62, 99, 78], [126, 59, 136, 88]]
[[163, 95, 176, 126], [175, 91, 188, 124], [150, 94, 163, 125], [116, 73, 124, 92], [112, 73, 119, 92], [94, 77, 104, 98], [104, 75, 113, 94], [58, 58, 63, 70]]
[[175, 91, 187, 123], [162, 95, 175, 126], [150, 94, 163, 125], [94, 77, 103, 98], [116, 74, 124, 92], [111, 74, 118, 92], [104, 75, 113, 95], [58, 58, 63, 70]]
[[162, 95, 175, 126], [175, 91, 187, 124], [150, 93, 163, 125], [94, 77, 103, 99], [116, 73, 124, 92], [111, 74, 118, 92], [104, 74, 113, 96], [58, 58, 64, 70], [125, 59, 136, 89], [93, 62, 99, 77]]
[[162, 95, 174, 126], [150, 93, 162, 125], [174, 91, 186, 124], [94, 77, 103, 97], [111, 73, 118, 93], [116, 73, 124, 93], [104, 74, 113, 95], [58, 58, 63, 70], [125, 59, 136, 89]]
[[162, 95, 174, 126], [149, 93, 162, 124], [174, 91, 186, 124], [94, 77, 103, 98], [104, 75, 113, 95], [116, 73, 124, 92], [111, 73, 118, 92], [58, 58, 63, 70], [125, 60, 136, 89], [93, 62, 99, 76]]
[[161, 95, 173, 125], [149, 92, 160, 124], [173, 91, 186, 123], [94, 77, 103, 99], [104, 75, 113, 95], [111, 74, 118, 92], [116, 73, 124, 92], [58, 58, 63, 70], [126, 59, 136, 88]]
[[161, 95, 173, 125], [149, 92, 160, 124], [173, 90, 186, 123], [94, 77, 103, 99], [111, 74, 117, 92], [104, 75, 113, 96], [116, 73, 124, 92], [58, 58, 63, 70], [115, 74, 121, 91], [126, 59, 136, 89]]
[[148, 92, 160, 123], [173, 90, 185, 123], [160, 94, 172, 124], [94, 78, 103, 99], [104, 75, 113, 95], [111, 74, 117, 92], [116, 73, 123, 92], [58, 58, 64, 70], [125, 60, 136, 89], [115, 74, 121, 91]]
[[148, 92, 160, 123], [173, 90, 185, 123], [159, 95, 172, 124], [94, 78, 104, 99], [104, 75, 113, 96], [115, 72, 123, 92], [111, 74, 117, 92], [58, 58, 64, 70], [125, 60, 137, 89]]
[[159, 95, 172, 124], [148, 92, 159, 123], [173, 90, 185, 123], [94, 78, 104, 99], [104, 75, 113, 96], [115, 72, 123, 92], [111, 74, 118, 93], [58, 58, 64, 70], [125, 60, 137, 89]]
[[159, 94, 171, 124], [173, 90, 185, 123], [148, 92, 159, 123], [94, 78, 104, 100], [104, 75, 114, 96], [115, 71, 123, 92], [110, 74, 117, 92], [58, 58, 64, 70], [125, 60, 136, 89], [14, 177, 27, 213]]
[[159, 94, 171, 124], [172, 90, 185, 122], [147, 91, 159, 123], [94, 78, 104, 100], [104, 75, 114, 97], [114, 71, 123, 92], [110, 73, 117, 92], [58, 58, 64, 70], [125, 60, 136, 89]]
[[158, 94, 171, 124], [147, 92, 158, 123], [172, 90, 185, 121], [95, 78, 104, 100], [104, 75, 115, 98], [114, 71, 123, 92], [58, 58, 64, 70], [125, 60, 136, 89], [143, 68, 157, 100], [109, 73, 117, 92], [49, 53, 56, 68]]
[[158, 94, 171, 124], [147, 92, 158, 123], [172, 90, 185, 121], [95, 78, 104, 100], [104, 75, 115, 99], [114, 71, 123, 92], [58, 58, 64, 70], [125, 60, 136, 89], [144, 68, 157, 99], [109, 73, 117, 92], [49, 54, 56, 68]]
[[158, 94, 171, 124], [172, 90, 184, 121], [146, 92, 158, 123], [95, 78, 104, 101], [105, 76, 114, 98], [114, 72, 123, 92], [109, 73, 116, 92], [58, 58, 63, 70], [144, 67, 157, 100], [125, 60, 136, 89]]
[[172, 90, 183, 121], [146, 92, 158, 123], [158, 94, 171, 124], [95, 78, 104, 101], [105, 76, 114, 99], [114, 72, 123, 92], [109, 73, 116, 92], [58, 58, 64, 70], [144, 67, 157, 100], [125, 60, 136, 89]]
[[146, 91, 157, 122], [158, 94, 170, 123], [171, 90, 183, 121], [95, 78, 104, 101], [105, 76, 114, 99], [113, 72, 122, 92], [108, 73, 115, 91], [58, 58, 63, 70], [143, 67, 157, 101], [126, 60, 136, 89]]
[[145, 91, 157, 122], [158, 93, 170, 123], [171, 90, 183, 121], [95, 78, 105, 101], [105, 76, 114, 99], [113, 72, 122, 92], [108, 73, 115, 92], [143, 67, 157, 102], [58, 58, 63, 70], [125, 60, 136, 89]]
[[158, 93, 170, 123], [145, 91, 157, 122], [170, 90, 183, 121], [95, 78, 105, 101], [105, 76, 114, 99], [113, 72, 122, 92], [143, 67, 157, 102], [108, 73, 116, 92], [58, 58, 63, 70], [125, 60, 136, 89], [90, 62, 96, 76]]
[[144, 91, 156, 121], [158, 93, 169, 122], [170, 90, 182, 121], [95, 78, 105, 102], [105, 76, 115, 99], [113, 72, 122, 92], [108, 73, 115, 91], [143, 67, 157, 102], [58, 58, 64, 70], [125, 60, 136, 89], [123, 92, 138, 124]]
[[157, 93, 169, 122], [144, 91, 156, 121], [170, 90, 182, 121], [95, 79, 105, 102], [105, 76, 115, 99], [112, 71, 121, 92], [143, 67, 157, 102], [58, 58, 64, 70], [108, 73, 115, 91], [125, 60, 136, 89], [123, 92, 138, 123]]
[[157, 93, 169, 122], [170, 90, 182, 121], [144, 91, 156, 121], [95, 78, 105, 102], [105, 76, 115, 99], [112, 71, 121, 92], [143, 67, 157, 103], [58, 58, 64, 70], [107, 73, 115, 91], [125, 60, 136, 89], [123, 92, 138, 123]]
[[157, 93, 169, 122], [170, 89, 181, 121], [144, 91, 156, 121], [95, 79, 105, 102], [105, 76, 115, 99], [112, 71, 121, 92], [143, 67, 157, 103], [58, 58, 63, 70], [107, 72, 115, 92], [125, 60, 136, 89], [123, 92, 138, 123], [128, 92, 141, 122]]
[[157, 93, 169, 122], [170, 90, 181, 121], [144, 91, 156, 122], [95, 79, 105, 102], [105, 76, 115, 100], [112, 71, 121, 92], [58, 58, 63, 70], [107, 72, 115, 92], [143, 67, 157, 102], [146, 68, 157, 98], [125, 60, 136, 89], [123, 92, 138, 123], [127, 93, 141, 122], [51, 57, 56, 68]]
[[157, 92, 168, 122], [169, 89, 180, 120], [144, 91, 156, 121], [95, 79, 105, 102], [112, 71, 121, 92], [58, 58, 63, 71], [106, 73, 114, 92], [106, 77, 115, 98], [144, 67, 157, 101], [125, 60, 136, 89], [146, 68, 157, 96], [123, 93, 138, 123]]
[[157, 92, 168, 122], [169, 89, 180, 120], [144, 91, 156, 121], [95, 79, 105, 102], [112, 71, 121, 92], [58, 58, 63, 71], [106, 73, 114, 92], [106, 77, 115, 98], [143, 67, 157, 102], [125, 60, 136, 90], [146, 68, 157, 97]]
[[157, 92, 168, 121], [168, 89, 180, 119], [143, 91, 156, 122], [96, 79, 105, 102], [112, 71, 120, 91], [106, 77, 115, 98], [107, 73, 114, 89], [58, 58, 63, 71], [142, 67, 157, 103], [125, 59, 136, 89], [3, 59, 13, 82]]
[[157, 92, 168, 121], [168, 88, 179, 119], [143, 90, 156, 122], [96, 79, 105, 102], [112, 71, 120, 91], [106, 72, 114, 90], [106, 77, 115, 99], [58, 58, 63, 71], [142, 67, 157, 103], [125, 59, 136, 89], [3, 59, 13, 82]]
[[167, 88, 179, 119], [156, 92, 167, 121], [143, 90, 155, 121], [96, 79, 106, 103], [112, 71, 120, 92], [106, 76, 115, 101], [106, 73, 113, 90], [58, 58, 63, 71], [143, 67, 157, 103], [125, 59, 136, 89], [146, 67, 157, 97], [3, 59, 13, 82], [153, 92, 164, 121], [128, 92, 141, 121], [123, 92, 139, 122]]
[[156, 92, 167, 121], [167, 88, 179, 119], [142, 90, 155, 120], [96, 80, 106, 103], [111, 71, 120, 92], [106, 72, 113, 92], [58, 59, 63, 71], [125, 59, 137, 89], [143, 67, 157, 101], [146, 67, 157, 97], [106, 78, 115, 100], [123, 92, 139, 121]]
[[155, 92, 166, 121], [166, 88, 179, 119], [142, 90, 154, 120], [96, 80, 106, 103], [105, 72, 113, 92], [111, 71, 120, 92], [58, 59, 63, 71], [106, 78, 115, 100], [125, 60, 137, 89], [143, 67, 157, 102], [146, 68, 157, 97]]
[[155, 92, 166, 121], [142, 91, 153, 120], [166, 88, 178, 119], [97, 79, 106, 102], [111, 71, 120, 91], [105, 73, 112, 90], [58, 59, 63, 71], [125, 60, 137, 89], [143, 67, 157, 101], [106, 78, 115, 100]]
[[155, 92, 166, 120], [142, 90, 153, 119], [166, 88, 178, 119], [97, 80, 106, 102], [105, 72, 112, 91], [111, 70, 120, 91], [58, 59, 63, 71], [125, 60, 137, 89], [142, 67, 157, 103], [145, 67, 157, 97]]
[[154, 91, 166, 120], [142, 91, 153, 119], [166, 88, 178, 119], [97, 80, 106, 102], [104, 73, 111, 90], [111, 70, 120, 91], [58, 58, 63, 71], [125, 59, 137, 89], [143, 67, 157, 102], [145, 68, 157, 97], [48, 57, 53, 68], [106, 78, 116, 102], [51, 57, 56, 69], [123, 92, 138, 120]]
[[154, 91, 166, 120], [142, 91, 153, 119], [166, 88, 178, 119], [97, 79, 107, 103], [104, 73, 111, 89], [58, 59, 63, 71], [111, 70, 120, 90], [125, 59, 137, 89], [145, 67, 157, 98], [48, 57, 53, 68]]
[[153, 91, 165, 120], [165, 88, 178, 119], [141, 90, 152, 119], [97, 79, 107, 104], [104, 72, 111, 91], [111, 70, 120, 92], [58, 59, 63, 71], [147, 69, 157, 94], [125, 59, 137, 89], [48, 57, 53, 68]]
[[153, 91, 165, 120], [165, 88, 178, 119], [141, 90, 152, 119], [97, 79, 107, 104], [104, 72, 111, 91], [111, 70, 120, 92], [58, 59, 63, 71], [147, 69, 157, 94], [125, 59, 137, 89], [48, 57, 53, 68]]
[[153, 91, 165, 119], [165, 88, 178, 118], [141, 90, 151, 119], [97, 80, 107, 103], [103, 72, 111, 90], [110, 71, 119, 92], [58, 59, 63, 71], [125, 60, 136, 89], [48, 57, 53, 68]]
[[152, 91, 165, 119], [165, 87, 177, 117], [141, 90, 151, 119], [97, 80, 107, 104], [103, 72, 110, 90], [110, 70, 119, 91], [58, 58, 64, 71], [107, 78, 116, 101], [125, 60, 136, 89]]
[[152, 91, 165, 119], [165, 87, 176, 117], [141, 90, 151, 119], [97, 80, 107, 104], [102, 72, 110, 91], [110, 71, 119, 91], [107, 79, 117, 102], [58, 58, 64, 71], [125, 59, 136, 89]]
[[152, 91, 165, 119], [164, 87, 176, 118], [140, 90, 150, 118], [97, 80, 107, 105], [102, 72, 110, 90], [110, 71, 119, 91], [107, 79, 117, 100], [58, 58, 64, 71], [125, 60, 136, 89]]
[[164, 87, 176, 117], [152, 91, 164, 119], [140, 90, 150, 118], [97, 81, 107, 104], [102, 72, 110, 91], [110, 71, 119, 92], [107, 78, 117, 101], [58, 58, 64, 71]]
[[152, 91, 164, 119], [163, 87, 176, 117], [140, 90, 150, 118], [98, 81, 107, 104], [101, 71, 110, 91], [109, 70, 118, 90], [107, 78, 118, 102], [58, 58, 64, 71], [125, 60, 136, 89]]
[[163, 87, 175, 117], [152, 90, 164, 119], [139, 89, 150, 117], [98, 81, 108, 104], [101, 71, 109, 91], [109, 70, 118, 89], [107, 78, 118, 102], [58, 58, 64, 71], [125, 60, 136, 89]]
[[163, 87, 175, 117], [151, 90, 163, 118], [140, 90, 150, 117], [98, 81, 108, 104], [100, 72, 109, 92], [107, 78, 118, 103], [58, 58, 64, 71], [109, 71, 118, 92], [125, 60, 136, 89]]
[[151, 90, 163, 118], [163, 87, 175, 117], [139, 90, 150, 117], [98, 80, 108, 104], [100, 72, 109, 92], [107, 78, 118, 103], [109, 71, 117, 91], [58, 59, 64, 71], [125, 60, 136, 89]]
[[151, 90, 163, 118], [163, 87, 175, 117], [139, 89, 150, 117], [98, 81, 108, 104], [100, 72, 109, 91], [107, 78, 118, 103], [109, 71, 117, 89], [58, 59, 64, 71]]
[[151, 90, 163, 118], [163, 87, 174, 117], [98, 81, 108, 104], [138, 90, 149, 117], [108, 79, 118, 103], [100, 72, 108, 89], [108, 70, 117, 87], [58, 59, 64, 71]]
[[151, 90, 163, 118], [163, 87, 174, 117], [98, 81, 108, 104], [138, 90, 149, 117], [108, 79, 118, 103], [100, 72, 108, 89], [108, 70, 117, 87], [58, 59, 64, 71]]
[[150, 90, 162, 118], [162, 87, 174, 117], [98, 81, 108, 105], [138, 90, 149, 117], [108, 79, 118, 103], [100, 72, 108, 89], [108, 71, 116, 88], [59, 60, 63, 71]]
[[150, 90, 162, 118], [162, 87, 173, 116], [98, 81, 109, 105], [108, 79, 118, 104], [100, 72, 108, 88], [137, 89, 149, 118], [108, 71, 116, 87], [58, 60, 63, 71]]
[[150, 90, 161, 117], [161, 86, 173, 116], [99, 81, 109, 105], [99, 72, 108, 89], [108, 79, 118, 103], [137, 89, 149, 117], [108, 70, 116, 88], [58, 60, 63, 71]]
[[150, 90, 161, 117], [161, 86, 173, 116], [100, 71, 107, 90], [99, 81, 109, 105], [108, 70, 116, 88], [108, 79, 118, 103], [137, 89, 149, 117], [58, 59, 64, 71]]
[[161, 87, 172, 115], [149, 90, 160, 117], [100, 82, 109, 105], [100, 71, 107, 89], [108, 70, 116, 88], [137, 88, 148, 116], [109, 79, 119, 102], [59, 59, 64, 71], [83, 60, 89, 73]]
[[160, 86, 172, 115], [149, 89, 160, 117], [100, 82, 110, 105], [100, 72, 107, 88], [108, 70, 116, 88], [137, 89, 147, 116], [109, 79, 119, 102], [58, 59, 64, 71]]
[[160, 87, 172, 115], [149, 89, 160, 117], [137, 89, 147, 116], [99, 72, 107, 89], [100, 82, 110, 105], [107, 70, 116, 89], [109, 79, 119, 102], [58, 58, 64, 71]]
[[160, 87, 172, 115], [149, 89, 159, 117], [137, 89, 147, 115], [99, 72, 106, 89], [107, 71, 116, 89], [100, 82, 110, 106], [109, 79, 119, 101], [59, 58, 64, 71]]
[[160, 87, 172, 115], [149, 90, 159, 117], [99, 72, 106, 89], [137, 89, 147, 115], [101, 82, 110, 105], [107, 71, 116, 88], [109, 79, 119, 101], [58, 58, 64, 71]]
[[160, 86, 171, 115], [148, 89, 158, 116], [98, 72, 105, 89], [101, 82, 110, 105], [136, 88, 147, 116], [109, 80, 119, 102], [107, 71, 116, 89], [59, 58, 64, 71], [109, 71, 117, 88]]
[[160, 86, 171, 115], [148, 89, 158, 116], [98, 72, 105, 89], [101, 82, 110, 105], [136, 89, 146, 115], [109, 80, 119, 102], [107, 71, 116, 89], [59, 58, 64, 71], [110, 71, 117, 88]]
[[159, 86, 171, 115], [148, 89, 158, 115], [101, 82, 111, 107], [98, 72, 105, 90], [109, 80, 119, 102], [107, 71, 115, 88], [58, 58, 64, 71], [135, 88, 146, 115]]
[[159, 87, 171, 114], [148, 89, 158, 115], [98, 72, 105, 90], [101, 83, 111, 107], [107, 71, 115, 87], [110, 80, 119, 102], [136, 89, 146, 115], [59, 58, 64, 71]]
[[159, 87, 171, 114], [147, 89, 158, 116], [101, 83, 111, 108], [98, 72, 105, 89], [110, 80, 120, 105], [106, 69, 115, 88], [134, 87, 145, 116], [58, 57, 64, 71], [125, 60, 136, 89], [81, 60, 86, 72], [145, 68, 157, 97]]
[[159, 87, 171, 114], [147, 89, 157, 116], [101, 83, 111, 108], [110, 80, 120, 105], [97, 72, 105, 89], [106, 70, 115, 88], [134, 87, 145, 115], [58, 57, 64, 71], [125, 60, 136, 89], [146, 68, 157, 96], [81, 60, 86, 72]]
[[159, 86, 171, 114], [147, 89, 157, 116], [101, 83, 111, 107], [97, 72, 104, 89], [110, 80, 120, 103], [106, 70, 115, 88], [135, 88, 145, 115], [59, 58, 64, 71], [125, 60, 136, 89], [81, 60, 86, 72], [146, 68, 157, 97]]
[[159, 86, 170, 114], [146, 89, 157, 116], [101, 82, 111, 108], [97, 71, 104, 90], [110, 79, 121, 103], [106, 70, 114, 87], [134, 88, 144, 114], [125, 60, 136, 89], [59, 58, 64, 71], [145, 68, 157, 97]]
[[159, 85, 170, 114], [101, 83, 112, 108], [146, 88, 157, 115], [110, 80, 121, 104], [96, 71, 104, 90], [105, 70, 114, 88], [125, 60, 136, 89], [134, 88, 144, 114], [146, 68, 157, 96], [58, 59, 64, 71]]
[[159, 86, 170, 114], [146, 88, 157, 115], [101, 83, 112, 108], [96, 71, 104, 90], [110, 79, 121, 104], [105, 69, 114, 89], [133, 87, 144, 114], [125, 60, 136, 89], [146, 68, 157, 96], [58, 58, 64, 71]]
[[158, 85, 170, 114], [146, 87, 157, 115], [102, 83, 112, 108], [96, 71, 104, 89], [111, 80, 121, 104], [105, 70, 114, 89], [133, 87, 143, 114], [59, 59, 64, 71], [125, 60, 136, 89], [146, 68, 157, 96]]
[[158, 85, 170, 114], [146, 88, 157, 115], [96, 71, 103, 89], [102, 83, 112, 108], [111, 80, 121, 104], [105, 70, 114, 89], [133, 88, 143, 113], [58, 58, 64, 71], [146, 69, 157, 96], [125, 60, 136, 89]]
[[158, 85, 170, 114], [145, 87, 156, 115], [111, 80, 122, 106], [102, 84, 112, 109], [95, 71, 103, 89], [105, 70, 113, 88], [133, 87, 143, 114], [146, 68, 157, 96], [125, 60, 137, 89], [58, 58, 64, 71]]
[[158, 85, 169, 114], [145, 87, 156, 115], [111, 80, 122, 106], [102, 84, 112, 108], [95, 71, 103, 89], [105, 70, 113, 88], [133, 87, 143, 114], [125, 60, 137, 89], [146, 68, 157, 96], [58, 58, 64, 72]]
[[158, 84, 169, 113], [144, 88, 156, 114], [103, 84, 113, 108], [111, 81, 122, 105], [95, 71, 103, 90], [104, 69, 113, 89], [133, 87, 143, 113], [58, 58, 64, 71], [146, 68, 157, 97], [125, 60, 136, 89]]
[[158, 85, 169, 113], [144, 89, 155, 114], [111, 81, 122, 104], [104, 69, 113, 89], [95, 71, 103, 90], [103, 84, 113, 108], [133, 87, 143, 114], [146, 68, 157, 97], [125, 60, 137, 89], [58, 57, 64, 71]]
[[157, 84, 168, 113], [112, 81, 123, 105], [143, 87, 155, 114], [104, 69, 112, 89], [104, 84, 114, 108], [95, 71, 102, 89], [133, 85, 143, 113], [145, 67, 157, 98], [126, 60, 136, 89], [58, 58, 64, 72]]
[[157, 84, 168, 113], [112, 81, 123, 105], [143, 86, 155, 114], [104, 69, 112, 89], [95, 71, 102, 89], [104, 84, 114, 108], [133, 85, 143, 113], [126, 60, 136, 89], [145, 67, 157, 98], [58, 58, 64, 72]]
[[156, 84, 168, 112], [143, 87, 155, 114], [112, 81, 123, 109], [104, 69, 112, 89], [95, 71, 102, 89], [132, 87, 142, 113], [105, 84, 115, 109], [147, 69, 157, 95], [126, 60, 136, 89], [58, 59, 64, 72]]
[[156, 84, 167, 112], [112, 81, 124, 110], [142, 87, 154, 114], [104, 69, 112, 89], [95, 71, 102, 89], [105, 84, 115, 109], [132, 86, 142, 113], [147, 69, 157, 94], [126, 60, 136, 89], [58, 60, 64, 72]]
[[156, 84, 167, 112], [142, 87, 154, 114], [112, 81, 124, 110], [95, 71, 102, 89], [104, 69, 112, 89], [105, 84, 115, 108], [132, 86, 142, 112], [146, 68, 157, 95], [126, 60, 136, 89]]
[[156, 84, 167, 112], [142, 87, 153, 114], [112, 81, 124, 110], [95, 71, 102, 89], [104, 69, 112, 89], [132, 85, 142, 112], [106, 84, 115, 108], [146, 68, 157, 95], [126, 60, 136, 89]]
[[156, 84, 167, 112], [142, 87, 153, 114], [113, 81, 124, 110], [95, 71, 102, 89], [132, 86, 142, 112], [104, 69, 112, 89], [106, 84, 116, 109], [146, 67, 157, 96], [126, 60, 136, 89]]
[[156, 84, 167, 112], [142, 87, 153, 113], [113, 82, 125, 111], [95, 71, 101, 89], [132, 86, 142, 112], [104, 69, 112, 89], [108, 85, 116, 109], [146, 67, 157, 95], [108, 85, 116, 104], [125, 60, 137, 89]]
[[156, 84, 167, 112], [142, 87, 153, 113], [113, 82, 125, 111], [132, 86, 142, 112], [95, 71, 101, 89], [104, 69, 112, 89], [108, 85, 116, 109], [146, 67, 157, 95], [108, 85, 116, 104], [125, 60, 137, 89]]
[[155, 84, 167, 111], [114, 82, 125, 111], [141, 86, 152, 113], [131, 86, 141, 112], [95, 71, 101, 89], [103, 69, 112, 88], [107, 85, 117, 112], [146, 68, 157, 95], [126, 60, 137, 89]]
[[155, 84, 167, 111], [114, 82, 125, 111], [141, 87, 152, 113], [131, 85, 141, 112], [103, 69, 112, 88], [94, 71, 101, 89], [108, 85, 117, 110], [126, 60, 137, 89]]
[[155, 84, 166, 112], [141, 86, 152, 112], [114, 82, 126, 112], [103, 69, 111, 88], [131, 85, 141, 112], [94, 71, 101, 89], [108, 85, 118, 111], [126, 60, 136, 89], [146, 68, 157, 95]]
[[155, 83, 166, 111], [115, 82, 126, 112], [141, 86, 152, 113], [103, 69, 111, 88], [131, 84, 141, 111], [94, 71, 101, 89], [109, 85, 118, 111], [146, 68, 157, 95], [126, 60, 137, 89]]
[[155, 83, 166, 112], [115, 82, 127, 112], [141, 87, 151, 113], [131, 84, 141, 111], [103, 69, 111, 88], [94, 71, 101, 88], [146, 67, 157, 95], [109, 84, 118, 111], [125, 60, 137, 89]]
[[155, 83, 166, 111], [115, 81, 127, 112], [141, 87, 151, 112], [130, 84, 141, 111], [103, 69, 111, 88], [94, 71, 101, 88], [146, 68, 157, 95], [110, 84, 119, 111], [126, 60, 137, 89]]
[[155, 83, 166, 110], [115, 81, 128, 112], [141, 86, 151, 113], [103, 69, 111, 88], [130, 84, 141, 111], [94, 71, 101, 88], [126, 60, 137, 89]]
[[154, 83, 166, 110], [115, 81, 128, 112], [141, 86, 151, 112], [130, 84, 141, 111], [103, 69, 111, 88], [94, 71, 101, 88]]
[[154, 83, 166, 110], [115, 81, 128, 113], [141, 86, 151, 112], [103, 69, 110, 88], [94, 71, 101, 88], [130, 84, 141, 112]]
[[154, 83, 166, 111], [116, 82, 128, 113], [141, 86, 151, 112], [102, 69, 110, 88], [130, 85, 140, 111], [94, 71, 101, 88]]
[[154, 83, 165, 110], [116, 82, 129, 113], [102, 69, 110, 88], [140, 85, 151, 112], [94, 71, 101, 88], [129, 83, 140, 111]]
[[154, 83, 165, 110], [116, 82, 129, 113], [102, 69, 110, 88], [140, 85, 151, 111], [94, 71, 101, 88], [129, 83, 140, 110]]
[[154, 83, 165, 110], [116, 83, 129, 114], [140, 86, 150, 111], [129, 83, 140, 111], [102, 69, 110, 88], [93, 71, 101, 88]]
[[154, 83, 165, 110], [117, 83, 129, 114], [140, 85, 150, 111], [129, 84, 140, 111], [94, 71, 101, 88], [102, 69, 110, 88], [58, 60, 64, 72]]
[[153, 83, 165, 110], [117, 83, 130, 114], [129, 84, 139, 111], [140, 86, 150, 111], [102, 68, 110, 88], [93, 71, 101, 88], [59, 61, 64, 72]]
[[153, 83, 164, 110], [140, 86, 150, 111], [129, 84, 139, 110], [117, 83, 130, 114], [102, 68, 110, 87], [94, 71, 101, 88], [59, 60, 64, 72]]
[[153, 83, 164, 110], [140, 86, 150, 111], [129, 84, 139, 110], [102, 68, 109, 88], [118, 83, 130, 114], [94, 71, 101, 88], [117, 85, 128, 114], [59, 61, 64, 71], [108, 83, 121, 114]]
[[152, 82, 163, 110], [102, 69, 109, 87], [140, 85, 149, 111], [129, 84, 139, 110], [119, 83, 131, 113], [94, 71, 101, 88], [117, 86, 128, 114], [59, 61, 63, 72]]
[[152, 82, 163, 109], [139, 85, 149, 111], [119, 83, 131, 115], [102, 69, 109, 87], [94, 71, 101, 88], [129, 85, 138, 110], [117, 87, 128, 116]]
[[152, 82, 163, 109], [140, 85, 149, 111], [120, 84, 132, 115], [102, 69, 109, 87], [94, 71, 101, 88], [129, 85, 138, 110], [118, 87, 130, 116], [116, 85, 127, 115]]
[[152, 82, 162, 109], [121, 84, 133, 115], [102, 69, 109, 88], [117, 87, 129, 115], [94, 71, 101, 87], [139, 85, 149, 111], [129, 84, 138, 109], [74, 59, 79, 71]]
[[151, 81, 162, 108], [101, 69, 109, 87], [94, 71, 101, 87], [118, 85, 134, 116], [128, 84, 138, 109], [139, 85, 149, 110], [74, 60, 79, 71], [122, 84, 135, 115]]
[[151, 81, 162, 108], [101, 69, 109, 87], [94, 71, 101, 87], [118, 85, 134, 116], [128, 84, 138, 109], [139, 85, 149, 110], [122, 84, 135, 115], [74, 59, 79, 71]]
[[151, 81, 162, 109], [119, 89, 133, 117], [101, 69, 109, 87], [94, 71, 101, 87], [128, 84, 137, 108], [139, 85, 148, 110]]
[[151, 81, 161, 109], [120, 89, 133, 117], [94, 71, 101, 87], [101, 69, 109, 87], [128, 84, 137, 108], [139, 85, 148, 110], [131, 87, 141, 110]]
[[150, 81, 161, 108], [94, 71, 101, 87], [101, 69, 109, 87], [123, 84, 137, 117], [137, 84, 148, 109], [130, 85, 141, 109], [128, 82, 140, 108]]
[[150, 81, 161, 108], [123, 85, 136, 117], [94, 71, 101, 87], [101, 68, 109, 87], [137, 84, 148, 110], [131, 86, 141, 110], [127, 84, 137, 109]]
[[150, 81, 161, 108], [124, 82, 137, 118], [94, 70, 101, 87], [101, 69, 109, 87], [136, 84, 148, 109], [50, 57, 54, 67]]
[[150, 81, 160, 108], [124, 83, 138, 118], [94, 70, 101, 88], [101, 69, 109, 87], [137, 84, 148, 109], [50, 57, 54, 67]]
[[150, 81, 160, 108], [124, 82, 139, 119], [94, 70, 101, 87], [101, 69, 109, 87], [138, 84, 148, 106], [50, 57, 54, 67]]
[[150, 81, 160, 108], [125, 81, 140, 119], [101, 68, 108, 87], [94, 70, 101, 87], [137, 83, 148, 106], [56, 58, 62, 72]]
[[150, 81, 160, 108], [125, 85, 139, 118], [101, 68, 108, 87], [94, 70, 101, 87], [137, 84, 148, 107], [56, 58, 62, 72]]
[[150, 81, 160, 108], [100, 68, 108, 87], [94, 70, 100, 87], [125, 86, 140, 119], [57, 58, 62, 72], [126, 83, 135, 108], [137, 84, 148, 106]]
[[149, 81, 159, 107], [100, 68, 108, 86], [94, 70, 100, 87], [127, 88, 141, 119], [125, 83, 135, 107], [57, 58, 62, 72]]
[[149, 81, 159, 107], [100, 68, 108, 86], [94, 70, 100, 87], [127, 88, 141, 119], [125, 83, 135, 107], [57, 58, 62, 72]]
[[149, 81, 159, 107], [100, 68, 108, 87], [94, 70, 100, 87], [125, 83, 134, 107], [129, 89, 141, 117], [56, 58, 62, 72]]
[[149, 81, 159, 107], [100, 68, 108, 86], [94, 70, 100, 87], [125, 83, 134, 107], [130, 103, 141, 119], [131, 88, 139, 107], [56, 59, 62, 71], [129, 90, 142, 119]]
[[148, 81, 159, 107], [94, 70, 100, 87], [100, 68, 108, 87], [124, 80, 133, 107], [131, 87, 142, 118], [56, 59, 62, 73], [137, 82, 147, 106]]
[[148, 80, 158, 107], [94, 70, 101, 87], [124, 81, 133, 107], [131, 87, 142, 118], [100, 68, 108, 87], [56, 59, 62, 73], [137, 82, 146, 106], [144, 67, 157, 96]]
[[147, 81, 158, 107], [94, 70, 101, 87], [100, 68, 108, 86], [124, 81, 133, 107], [132, 90, 144, 120], [136, 81, 147, 106], [132, 88, 140, 106], [133, 80, 147, 107], [56, 58, 62, 73]]
[[147, 80, 158, 107], [123, 81, 132, 107], [94, 70, 101, 87], [133, 87, 148, 121], [100, 68, 108, 86], [133, 87, 143, 117], [138, 85, 148, 107]]
[[147, 81, 157, 107], [123, 79, 132, 107], [94, 70, 101, 87], [100, 68, 108, 86], [139, 85, 148, 105], [134, 86, 148, 120], [135, 84, 146, 106], [144, 66, 157, 100]]
[[147, 80, 157, 106], [123, 79, 132, 107], [94, 70, 101, 87], [100, 68, 108, 86], [134, 84, 149, 119], [138, 92, 149, 119], [143, 66, 157, 101]]
[[147, 81, 157, 106], [122, 79, 132, 107], [94, 70, 101, 87], [100, 68, 108, 86], [134, 85, 150, 120], [144, 66, 157, 104]]
[[146, 81, 157, 107], [122, 80, 132, 107], [99, 68, 108, 86], [94, 70, 101, 87], [139, 89, 152, 121], [135, 87, 150, 121], [144, 66, 157, 102], [56, 61, 61, 72]]
[[146, 81, 157, 107], [122, 80, 132, 107], [99, 68, 108, 86], [94, 70, 101, 87], [140, 89, 152, 121], [135, 88, 151, 121], [144, 67, 157, 102], [56, 61, 61, 72]]
[[140, 88, 154, 121], [94, 70, 101, 87], [100, 68, 108, 86], [122, 80, 131, 106], [145, 80, 156, 106], [144, 66, 157, 105], [55, 62, 61, 72], [134, 89, 147, 119]]
[[141, 89, 155, 121], [122, 80, 131, 106], [94, 70, 101, 86], [100, 68, 107, 86], [136, 79, 156, 118], [144, 79, 156, 106], [135, 89, 152, 118], [144, 68, 157, 105], [55, 61, 61, 73]]
[[142, 92, 158, 121], [122, 81, 131, 106], [94, 70, 101, 87], [100, 68, 107, 86], [144, 80, 156, 108], [139, 80, 154, 116], [134, 83, 143, 107], [136, 80, 151, 118], [55, 61, 61, 73], [143, 66, 157, 104]]
[[141, 88, 159, 121], [121, 81, 131, 106], [94, 70, 101, 86], [100, 68, 108, 86], [144, 79, 156, 110], [141, 79, 155, 118], [134, 83, 142, 106], [146, 81, 154, 100], [55, 61, 61, 73]]
[[121, 81, 130, 106], [141, 88, 153, 120], [144, 92, 159, 122], [144, 80, 155, 108], [94, 70, 100, 86], [100, 68, 108, 86], [142, 85, 154, 116], [142, 89, 156, 121], [133, 84, 142, 107], [144, 66, 157, 98]]
[[120, 81, 130, 106], [145, 93, 161, 122], [142, 88, 153, 121], [132, 82, 142, 107], [100, 68, 108, 86], [144, 80, 155, 105], [94, 70, 100, 87], [146, 68, 157, 97], [125, 60, 136, 89], [58, 58, 63, 70]]
[[120, 80, 130, 106], [142, 88, 153, 121], [147, 93, 161, 122], [100, 68, 108, 86], [132, 82, 142, 107], [94, 70, 100, 87], [144, 80, 155, 105], [145, 67, 158, 97], [125, 60, 136, 88], [58, 59, 62, 70]]
[[120, 80, 130, 106], [143, 89, 154, 121], [150, 93, 161, 122], [100, 68, 107, 85], [131, 83, 142, 107], [144, 80, 155, 103], [94, 70, 100, 86], [146, 68, 157, 96], [125, 60, 136, 88], [58, 59, 63, 70]]
[[143, 89, 156, 122], [151, 93, 162, 122], [120, 80, 129, 106], [131, 83, 141, 107], [144, 80, 154, 103], [100, 68, 107, 85], [94, 70, 100, 86], [145, 68, 157, 95], [125, 60, 136, 88], [58, 58, 63, 70]]
[[143, 88, 157, 122], [120, 81, 129, 106], [153, 93, 164, 122], [144, 80, 154, 104], [131, 83, 142, 107], [100, 68, 107, 86], [94, 70, 100, 86], [58, 58, 63, 71], [125, 60, 136, 87], [146, 68, 157, 95]]
[[143, 90, 158, 122], [154, 93, 166, 124], [119, 81, 129, 106], [143, 79, 154, 108], [130, 82, 141, 107], [100, 68, 107, 85], [94, 69, 100, 86], [145, 67, 157, 96], [58, 58, 63, 71], [125, 60, 136, 88], [130, 77, 139, 97]]
[[143, 89, 158, 122], [154, 93, 166, 124], [119, 81, 129, 106], [143, 79, 154, 108], [130, 82, 141, 107], [100, 68, 107, 85], [94, 69, 100, 86], [125, 60, 136, 88], [145, 67, 157, 96], [58, 58, 63, 71], [130, 76, 138, 97]]
[[155, 93, 169, 125], [144, 89, 159, 122], [119, 81, 129, 106], [143, 80, 154, 105], [100, 68, 107, 85], [130, 82, 141, 106], [94, 69, 100, 86], [125, 60, 136, 88], [146, 68, 157, 95], [58, 59, 63, 71], [129, 76, 139, 97]]
[[155, 93, 170, 125], [145, 89, 159, 122], [119, 81, 129, 106], [143, 80, 154, 105], [130, 83, 141, 106], [100, 68, 107, 85], [94, 69, 100, 86], [125, 60, 136, 88], [146, 68, 157, 95], [58, 59, 63, 71]]
[[156, 95, 172, 126], [149, 89, 161, 122], [143, 80, 153, 105], [119, 80, 128, 106], [130, 83, 141, 106], [100, 68, 107, 85], [94, 69, 100, 86], [125, 60, 136, 88], [58, 59, 63, 71], [146, 68, 157, 95]]
[[156, 94, 173, 125], [151, 89, 161, 122], [143, 80, 153, 104], [100, 67, 107, 86], [94, 69, 100, 85], [118, 80, 128, 105], [130, 83, 140, 106], [58, 58, 63, 71], [125, 60, 136, 88], [146, 67, 157, 95], [53, 62, 58, 73]]
[[155, 94, 174, 126], [151, 89, 163, 123], [142, 80, 152, 105], [100, 67, 107, 86], [130, 82, 140, 106], [94, 69, 100, 85], [118, 80, 127, 105], [58, 58, 63, 71], [125, 60, 136, 88], [146, 68, 157, 95], [53, 62, 58, 73]]
[[161, 95, 175, 126], [152, 89, 164, 123], [142, 80, 152, 105], [131, 82, 140, 106], [118, 81, 127, 104], [94, 69, 100, 86], [100, 68, 107, 85], [145, 68, 157, 95]]
[[152, 89, 166, 122], [163, 95, 176, 126], [142, 80, 152, 105], [131, 82, 140, 105], [118, 80, 127, 104], [94, 69, 100, 86], [100, 68, 107, 85], [126, 59, 137, 89]]
[[152, 89, 170, 123], [141, 80, 152, 104], [130, 82, 140, 105], [118, 80, 127, 105], [165, 95, 176, 124], [94, 69, 100, 86], [99, 68, 107, 85], [58, 59, 63, 71]]
[[152, 90, 171, 124], [141, 80, 152, 104], [166, 94, 177, 125], [130, 82, 140, 105], [117, 80, 127, 105], [94, 69, 100, 85], [100, 68, 107, 85], [58, 59, 63, 71]]
[[153, 90, 172, 124], [141, 80, 151, 104], [130, 82, 139, 105], [117, 80, 127, 105], [167, 95, 179, 125], [94, 69, 100, 85], [100, 68, 107, 85], [58, 59, 63, 71]]
[[153, 90, 172, 124], [141, 80, 151, 104], [130, 82, 139, 105], [117, 80, 127, 105], [167, 94, 179, 125], [94, 69, 100, 85], [100, 69, 106, 85], [58, 59, 63, 71]]
[[155, 91, 172, 124], [167, 95, 183, 126], [130, 82, 139, 105], [141, 80, 150, 104], [117, 80, 127, 105], [94, 69, 100, 85], [100, 68, 106, 85], [52, 63, 58, 73], [58, 59, 63, 71]]
[[157, 91, 173, 124], [167, 96, 184, 126], [140, 80, 150, 104], [130, 82, 139, 105], [117, 79, 127, 104], [94, 69, 100, 85], [100, 69, 106, 84], [58, 59, 64, 71], [52, 62, 57, 73]]
[[168, 96, 186, 127], [160, 90, 173, 124], [140, 80, 150, 104], [130, 82, 139, 105], [117, 79, 127, 104], [94, 69, 100, 85], [100, 69, 106, 84], [58, 59, 64, 71], [52, 62, 57, 73]]
[[169, 96, 186, 127], [162, 91, 174, 124], [130, 81, 139, 105], [140, 80, 150, 104], [117, 78, 127, 104], [94, 69, 100, 85], [100, 69, 106, 85], [58, 59, 64, 71], [52, 62, 57, 73]]
[[169, 96, 187, 127], [163, 90, 175, 124], [117, 79, 126, 104], [129, 81, 139, 105], [140, 80, 149, 104], [94, 69, 100, 85], [100, 69, 106, 85], [58, 58, 64, 71]]
[[165, 91, 177, 124], [173, 96, 187, 127], [116, 79, 126, 104], [129, 82, 139, 105], [94, 69, 100, 85], [100, 69, 106, 85], [140, 79, 149, 104], [58, 58, 64, 71]]
[[164, 91, 178, 126], [175, 96, 189, 127], [129, 81, 138, 105], [116, 78, 126, 104], [139, 79, 149, 103], [94, 69, 100, 85], [99, 69, 106, 85], [58, 58, 64, 71]]
[[164, 91, 180, 125], [177, 95, 190, 127], [129, 81, 138, 105], [116, 79, 126, 104], [139, 79, 149, 104], [94, 69, 100, 85], [99, 69, 106, 85], [58, 58, 64, 71]]
[[165, 92, 181, 126], [178, 95, 192, 127], [129, 81, 138, 105], [116, 79, 126, 104], [139, 79, 148, 104], [94, 69, 100, 85], [99, 69, 106, 85], [58, 58, 64, 71]]
[[165, 92, 182, 126], [179, 95, 193, 128], [128, 82, 138, 105], [116, 79, 126, 104], [139, 79, 148, 104], [94, 69, 100, 85], [99, 69, 106, 85], [58, 58, 64, 71]]
[[166, 93, 183, 126], [180, 95, 195, 128], [127, 82, 137, 105], [116, 79, 125, 104], [94, 69, 100, 85], [99, 67, 106, 84], [58, 58, 64, 71], [138, 79, 148, 104]]
[[166, 92, 183, 126], [180, 96, 195, 128], [127, 82, 138, 105], [116, 79, 125, 104], [94, 69, 100, 85], [99, 67, 106, 84], [58, 58, 64, 71], [138, 79, 148, 104]]
[[168, 91, 184, 126], [181, 96, 198, 129], [116, 79, 125, 104], [127, 82, 137, 105], [94, 69, 100, 85], [99, 68, 106, 84], [58, 58, 64, 71], [138, 79, 148, 104], [49, 57, 55, 70]]
[[169, 90, 185, 126], [181, 97, 199, 129], [116, 79, 125, 104], [127, 82, 136, 104], [94, 69, 100, 84], [99, 68, 106, 85], [58, 58, 64, 71], [138, 78, 148, 104]]
[[183, 97, 200, 129], [173, 91, 186, 126], [115, 79, 124, 104], [127, 81, 136, 104], [94, 69, 100, 85], [99, 68, 107, 85], [58, 59, 64, 71], [138, 79, 148, 104]]
[[184, 97, 201, 130], [175, 91, 187, 126], [127, 81, 136, 104], [115, 79, 124, 103], [94, 69, 100, 85], [99, 67, 107, 85], [58, 59, 64, 71], [148, 92, 164, 126], [138, 79, 148, 104]]
[[186, 97, 202, 129], [176, 91, 188, 126], [115, 79, 124, 103], [127, 81, 136, 104], [94, 69, 100, 84], [99, 67, 107, 84], [58, 58, 64, 71]]
[[190, 96, 202, 129], [177, 94, 191, 126], [115, 79, 124, 102], [126, 79, 136, 104], [99, 67, 107, 85], [94, 68, 100, 85], [58, 58, 64, 71], [49, 57, 55, 73]]
[[177, 92, 193, 126], [191, 96, 203, 129], [114, 79, 124, 102], [126, 80, 136, 104], [98, 68, 106, 85], [94, 69, 100, 85], [141, 66, 157, 105], [125, 63, 140, 104], [58, 53, 65, 71], [49, 58, 55, 73]]
[[177, 92, 197, 127], [193, 96, 206, 129], [114, 79, 124, 102], [126, 80, 136, 104], [99, 68, 106, 85], [94, 68, 100, 85], [58, 58, 64, 71], [49, 58, 55, 73], [125, 64, 139, 104], [164, 94, 178, 125]]
[[177, 92, 198, 127], [193, 97, 207, 129], [114, 79, 124, 102], [99, 68, 106, 85], [126, 80, 135, 103], [94, 68, 100, 85], [142, 66, 157, 104], [58, 58, 64, 71]]
[[178, 91, 199, 127], [194, 97, 211, 130], [114, 79, 124, 102], [125, 80, 135, 103], [98, 67, 106, 84], [94, 68, 100, 84], [58, 58, 64, 72], [164, 94, 180, 126]]
[[178, 91, 199, 127], [194, 97, 211, 130], [126, 81, 135, 103], [114, 79, 124, 102], [99, 67, 106, 84], [94, 68, 100, 84], [58, 58, 64, 71], [164, 94, 180, 126], [152, 92, 172, 126]]
[[181, 92, 199, 127], [195, 97, 213, 130], [114, 79, 124, 102], [125, 80, 134, 103], [99, 68, 106, 84], [94, 68, 100, 84], [58, 58, 64, 71], [134, 79, 142, 102]]
[[183, 92, 200, 127], [194, 97, 215, 130], [114, 79, 124, 102], [125, 80, 134, 103], [99, 68, 106, 84], [94, 68, 100, 84], [58, 58, 64, 71]]
[[187, 92, 201, 127], [196, 97, 216, 130], [113, 79, 124, 101], [124, 80, 134, 104], [99, 68, 106, 84], [94, 68, 100, 84], [134, 79, 142, 102], [58, 58, 64, 71]]
[[190, 92, 202, 127], [198, 97, 216, 130], [114, 79, 124, 101], [124, 80, 133, 103], [94, 68, 100, 84], [99, 68, 106, 84], [134, 79, 142, 102], [58, 58, 64, 71]]
[[191, 92, 203, 127], [203, 97, 216, 130], [113, 79, 123, 101], [124, 80, 133, 103], [94, 68, 100, 84], [99, 68, 105, 84], [134, 79, 142, 102], [58, 58, 64, 71]]
[[192, 92, 206, 128], [206, 97, 218, 131], [113, 79, 123, 101], [124, 80, 133, 103], [133, 79, 142, 102], [94, 68, 100, 84], [98, 68, 105, 84], [59, 59, 64, 71], [50, 57, 55, 68]]
[[192, 92, 208, 127], [206, 97, 220, 131], [124, 80, 133, 103], [114, 79, 123, 101], [133, 79, 142, 102], [94, 68, 100, 84], [98, 67, 105, 84], [59, 60, 65, 71]]
[[192, 92, 211, 128], [207, 97, 222, 131], [123, 80, 132, 103], [114, 79, 123, 101], [132, 78, 142, 102], [98, 67, 105, 84], [94, 68, 100, 84], [126, 60, 136, 88], [59, 60, 64, 71]]
[[192, 92, 213, 128], [207, 98, 224, 131], [123, 80, 132, 103], [114, 78, 123, 101], [132, 78, 142, 102], [98, 67, 105, 84], [94, 68, 100, 84], [126, 60, 136, 87], [59, 60, 64, 71]]
[[192, 92, 213, 128], [207, 98, 225, 132], [114, 79, 122, 101], [123, 80, 132, 103], [132, 78, 142, 102], [98, 66, 105, 84], [94, 68, 100, 84], [126, 60, 136, 87], [59, 60, 64, 71], [46, 62, 52, 73]]
[[193, 93, 215, 128], [208, 98, 228, 130], [132, 78, 142, 102], [122, 80, 132, 103], [113, 79, 122, 101], [98, 66, 105, 84], [94, 68, 100, 84], [126, 60, 136, 87], [117, 79, 125, 100], [59, 59, 65, 71]]
[[193, 93, 215, 128], [208, 98, 228, 130], [122, 80, 132, 103], [132, 78, 142, 102], [113, 79, 122, 101], [98, 67, 105, 84], [93, 67, 100, 84], [118, 79, 125, 100], [126, 60, 136, 86], [59, 59, 65, 71]]
[[198, 93, 215, 128], [211, 99, 231, 132], [122, 80, 131, 103], [131, 78, 141, 102], [113, 78, 121, 101], [98, 66, 105, 83], [93, 67, 100, 83], [117, 79, 125, 101], [126, 60, 136, 85], [59, 59, 64, 71]]
[[202, 93, 216, 128], [211, 99, 231, 132], [122, 80, 131, 102], [113, 78, 121, 101], [131, 78, 141, 101], [98, 66, 105, 83], [93, 67, 100, 83], [117, 79, 125, 101], [59, 59, 64, 71], [126, 60, 136, 85]]
[[204, 92, 217, 128], [215, 98, 231, 133], [122, 80, 131, 102], [131, 78, 141, 101], [113, 78, 121, 101], [98, 66, 105, 83], [93, 67, 100, 84], [117, 79, 125, 101], [126, 60, 136, 86], [59, 58, 65, 71], [144, 67, 157, 97], [46, 63, 50, 74]]
[[206, 92, 219, 129], [219, 97, 231, 131], [122, 80, 131, 102], [131, 78, 141, 102], [112, 78, 121, 101], [98, 66, 105, 83], [93, 67, 100, 84], [117, 79, 125, 102], [126, 60, 136, 87], [59, 58, 65, 71], [46, 64, 50, 74], [144, 67, 157, 96]]
[[207, 93, 220, 128], [221, 97, 232, 132], [122, 80, 131, 102], [112, 78, 121, 101], [131, 78, 141, 101], [98, 67, 105, 83], [93, 68, 100, 83], [117, 79, 125, 101], [126, 60, 136, 88], [59, 59, 64, 71]]
[[207, 93, 224, 128], [222, 98, 235, 133], [121, 80, 130, 102], [131, 78, 140, 102], [112, 78, 121, 101], [98, 67, 105, 83], [93, 68, 99, 84], [117, 79, 125, 101], [126, 60, 136, 87], [59, 59, 64, 71]]
[[207, 93, 226, 129], [222, 98, 238, 132], [121, 80, 130, 102], [130, 78, 140, 102], [111, 78, 121, 101], [98, 67, 105, 83], [93, 67, 99, 84], [116, 79, 125, 101], [126, 60, 136, 86], [45, 63, 50, 74], [59, 59, 64, 71]]
[[207, 93, 229, 130], [222, 99, 240, 132], [121, 80, 130, 102], [130, 77, 140, 101], [97, 67, 105, 83], [111, 78, 120, 100], [93, 68, 99, 83], [126, 60, 136, 86], [51, 57, 56, 68], [45, 64, 49, 74], [117, 79, 125, 101], [144, 67, 157, 96], [59, 58, 64, 71]]
[[209, 93, 230, 129], [224, 99, 244, 133], [121, 80, 130, 102], [97, 67, 105, 83], [130, 77, 140, 101], [111, 78, 120, 100], [93, 67, 99, 84], [126, 60, 136, 87], [51, 57, 56, 68], [59, 58, 64, 71], [117, 79, 125, 100], [144, 67, 157, 96]]
[[210, 93, 231, 128], [225, 99, 245, 133], [130, 77, 139, 101], [121, 80, 130, 101], [97, 66, 104, 83], [111, 78, 120, 100], [93, 67, 99, 84], [116, 79, 125, 101], [126, 60, 136, 86], [144, 67, 157, 96], [193, 97, 208, 127]]
[[210, 93, 231, 128], [225, 99, 246, 133], [130, 77, 139, 101], [121, 80, 130, 101], [97, 66, 104, 83], [111, 78, 120, 100], [93, 67, 99, 84], [116, 79, 125, 101], [126, 60, 136, 86], [144, 67, 157, 96], [58, 59, 64, 71], [194, 97, 209, 127]]
[[216, 93, 234, 128], [232, 99, 248, 133], [129, 77, 139, 101], [121, 79, 129, 101], [111, 78, 120, 99], [93, 67, 99, 83], [97, 66, 104, 83], [126, 60, 136, 87], [117, 78, 125, 100], [43, 63, 49, 74], [59, 59, 65, 72]]
[[218, 93, 235, 128], [234, 99, 248, 133], [129, 77, 139, 101], [121, 79, 129, 101], [111, 78, 120, 99], [93, 67, 99, 83], [97, 65, 104, 83], [126, 60, 136, 88], [59, 59, 65, 72], [116, 79, 124, 100]]
[[221, 93, 237, 129], [236, 99, 249, 133], [129, 77, 139, 101], [121, 79, 129, 101], [111, 78, 120, 99], [93, 67, 99, 83], [97, 65, 104, 83], [126, 60, 136, 86], [59, 59, 65, 72]]
[[223, 93, 238, 129], [237, 99, 249, 133], [129, 77, 138, 100], [121, 79, 129, 101], [97, 65, 104, 83], [111, 78, 120, 99], [93, 67, 99, 83], [126, 59, 136, 88], [43, 63, 48, 74], [59, 59, 65, 72]]
[[223, 94, 239, 129], [238, 99, 251, 133], [129, 78, 138, 101], [121, 79, 129, 101], [97, 66, 104, 83], [111, 78, 120, 100], [93, 67, 99, 83], [126, 60, 136, 87], [43, 63, 48, 74], [59, 58, 65, 72]]
[[223, 95, 242, 128], [238, 100, 255, 133], [129, 78, 138, 100], [120, 79, 129, 101], [97, 66, 104, 83], [111, 78, 119, 99], [93, 67, 99, 83], [59, 59, 65, 71], [126, 60, 136, 86], [51, 57, 56, 68], [42, 63, 48, 74]]
[[223, 95, 245, 129], [238, 100, 257, 134], [128, 77, 138, 100], [97, 66, 104, 83], [120, 79, 129, 101], [93, 67, 99, 83], [111, 77, 119, 98], [59, 59, 65, 72], [126, 60, 136, 85], [51, 57, 56, 68]]
[[223, 95, 246, 129], [239, 101, 257, 132], [128, 77, 138, 100], [97, 66, 104, 83], [93, 67, 99, 82], [120, 79, 129, 101], [111, 78, 119, 98], [59, 59, 65, 72], [126, 60, 136, 85], [51, 57, 57, 68]]
[[225, 95, 249, 130], [127, 77, 137, 100], [240, 97, 261, 134], [119, 79, 128, 101], [97, 66, 104, 82], [110, 78, 118, 99], [92, 67, 99, 82], [59, 60, 65, 72], [126, 60, 136, 83]]
[[227, 95, 250, 128], [127, 77, 137, 100], [97, 66, 104, 82], [92, 67, 99, 82], [119, 79, 128, 101], [111, 78, 118, 98], [241, 103, 262, 134], [59, 60, 65, 72], [127, 60, 136, 82]]
[[229, 96, 252, 128], [127, 77, 136, 100], [97, 66, 104, 83], [243, 100, 263, 134], [92, 67, 99, 82], [119, 79, 128, 101], [111, 78, 118, 97], [59, 60, 65, 72]]
[[229, 96, 252, 128], [127, 77, 136, 100], [243, 101, 264, 134], [97, 66, 104, 83], [92, 67, 99, 82], [119, 79, 128, 101], [111, 78, 118, 97], [59, 60, 65, 72], [41, 63, 47, 74]]
[[126, 77, 136, 100], [97, 65, 104, 82], [119, 79, 128, 101], [92, 67, 98, 82], [239, 95, 269, 135], [109, 77, 117, 98], [59, 60, 64, 72], [241, 92, 282, 135], [239, 77, 278, 133], [51, 57, 56, 68]]
[[126, 77, 136, 100], [97, 66, 104, 82], [92, 67, 98, 82], [252, 100, 270, 135], [241, 95, 262, 129], [118, 79, 127, 101], [109, 77, 117, 98], [59, 60, 64, 72], [51, 57, 56, 68]]
[[126, 77, 136, 99], [97, 64, 104, 82], [92, 67, 98, 82], [118, 79, 127, 100], [253, 96, 269, 135], [241, 95, 261, 129], [109, 77, 117, 98], [59, 60, 64, 71], [126, 60, 136, 84], [51, 57, 56, 68], [41, 64, 45, 73]]
[[126, 77, 136, 99], [97, 66, 104, 82], [118, 79, 127, 100], [92, 67, 98, 82], [242, 93, 263, 128], [253, 98, 271, 135], [109, 76, 117, 97], [59, 60, 64, 71], [41, 64, 45, 74], [126, 60, 136, 84], [51, 57, 56, 68]]
[[126, 77, 136, 99], [118, 79, 127, 100], [97, 65, 104, 82], [92, 67, 98, 82], [109, 77, 116, 97], [244, 93, 267, 136], [243, 74, 271, 135], [59, 60, 64, 72], [126, 60, 136, 84], [248, 77, 282, 137], [51, 57, 56, 68], [40, 63, 45, 74]]
[[126, 77, 136, 99], [117, 79, 127, 100], [96, 65, 104, 82], [92, 67, 98, 82], [254, 91, 274, 135], [108, 77, 116, 97], [127, 60, 136, 83], [59, 59, 64, 71], [51, 57, 57, 68]]
[[126, 77, 136, 100], [117, 79, 127, 100], [96, 65, 104, 82], [92, 67, 98, 82], [108, 77, 116, 98], [127, 60, 136, 83], [59, 59, 64, 71], [256, 100, 275, 135], [51, 58, 57, 68]]
[[126, 77, 135, 99], [117, 79, 127, 100], [96, 66, 104, 82], [92, 67, 98, 82], [108, 77, 116, 97], [127, 60, 136, 83], [59, 59, 64, 71], [51, 58, 57, 68]]
[[126, 77, 135, 100], [117, 79, 126, 100], [107, 77, 115, 97], [92, 67, 98, 82], [96, 66, 104, 81], [59, 59, 64, 72], [52, 58, 57, 68], [39, 62, 44, 74]]
[[126, 76, 135, 99], [117, 79, 126, 100], [107, 76, 115, 97], [92, 67, 98, 82], [96, 66, 103, 81], [59, 60, 64, 72], [52, 58, 57, 68]]
[[126, 76, 135, 99], [117, 79, 126, 100], [107, 76, 115, 97], [92, 67, 98, 82], [96, 66, 103, 81], [59, 60, 64, 72], [52, 58, 57, 68]]
[[125, 76, 134, 99], [117, 79, 126, 99], [106, 77, 115, 97], [91, 66, 98, 82], [96, 65, 103, 81], [58, 60, 64, 72], [38, 63, 43, 75]]
[[125, 76, 134, 98], [117, 79, 125, 99], [106, 77, 115, 96], [91, 66, 98, 82], [96, 65, 103, 81], [58, 60, 64, 72], [38, 63, 43, 75]]
[[125, 76, 134, 98], [117, 78, 125, 99], [106, 77, 115, 96], [91, 66, 98, 82], [96, 66, 103, 81], [58, 60, 64, 72], [38, 63, 43, 75]]
[[125, 76, 134, 99], [117, 78, 125, 99], [106, 77, 114, 97], [96, 64, 103, 81], [92, 66, 98, 82], [58, 60, 64, 72], [51, 57, 57, 68]]
[[124, 76, 134, 99], [117, 78, 125, 99], [106, 77, 114, 97], [96, 65, 103, 81], [92, 66, 98, 82], [59, 60, 64, 72], [51, 57, 57, 68], [38, 63, 43, 75]]
[[124, 76, 134, 99], [106, 76, 114, 97], [117, 78, 125, 99], [96, 65, 103, 81], [92, 66, 98, 82], [59, 60, 64, 72], [51, 57, 57, 68]]
[[117, 78, 125, 99], [105, 76, 114, 96], [96, 65, 103, 81], [124, 76, 133, 99], [92, 66, 98, 82], [58, 60, 64, 72], [51, 57, 57, 68]]
[[105, 76, 114, 96], [117, 78, 124, 99], [96, 66, 103, 81], [124, 76, 133, 99], [92, 66, 98, 82], [59, 60, 64, 72], [51, 57, 56, 68]]
[[124, 76, 133, 99], [105, 76, 113, 95], [116, 78, 124, 99], [95, 65, 103, 81], [91, 66, 98, 81], [58, 60, 63, 72], [36, 63, 42, 75]]
[[123, 76, 133, 99], [105, 76, 113, 96], [95, 65, 102, 81], [116, 78, 123, 98], [58, 60, 63, 72], [91, 66, 98, 81], [36, 64, 42, 75], [126, 60, 136, 84]]
[[123, 76, 133, 99], [105, 76, 113, 96], [96, 65, 102, 81], [116, 78, 124, 98], [91, 66, 98, 81], [58, 60, 63, 72], [36, 64, 42, 75], [126, 60, 136, 84]]
[[123, 76, 133, 99], [105, 76, 113, 96], [116, 78, 124, 98], [96, 65, 102, 81], [91, 66, 98, 81], [58, 60, 63, 72], [36, 64, 42, 75], [126, 60, 136, 83]]
[[122, 75, 132, 98], [104, 76, 112, 96], [95, 65, 102, 81], [115, 78, 123, 99], [91, 65, 98, 81], [126, 60, 136, 83]]
[[122, 75, 132, 98], [104, 76, 112, 95], [95, 65, 102, 81], [114, 77, 123, 98], [91, 65, 98, 81], [126, 60, 136, 84], [58, 61, 63, 72]]
[[122, 75, 132, 97], [104, 76, 112, 95], [114, 78, 123, 98], [95, 65, 102, 81], [91, 65, 98, 81], [58, 61, 63, 72]]
[[122, 76, 131, 97], [104, 76, 111, 94], [114, 78, 123, 98], [95, 65, 102, 81], [91, 65, 98, 81], [57, 61, 63, 73], [287, 79, 304, 109], [13, 71, 23, 91]]
[[122, 75, 132, 97], [104, 76, 111, 95], [114, 78, 122, 98], [95, 65, 102, 81], [91, 66, 97, 81], [57, 61, 63, 72], [35, 64, 40, 76], [126, 60, 136, 86]]
[[122, 76, 131, 97], [103, 76, 111, 95], [95, 64, 102, 81], [114, 78, 122, 97], [91, 66, 97, 81], [34, 64, 40, 75], [57, 61, 63, 73], [126, 60, 136, 85]]
[[103, 76, 111, 96], [122, 76, 131, 97], [95, 64, 102, 81], [113, 78, 122, 98], [91, 66, 97, 81], [34, 64, 39, 75], [57, 60, 63, 73], [126, 60, 136, 84]]
[[103, 75, 111, 95], [122, 76, 131, 97], [95, 65, 102, 81], [113, 78, 122, 98], [91, 66, 97, 81], [57, 60, 62, 73], [34, 64, 40, 76], [294, 75, 313, 109], [126, 59, 136, 84]]
[[102, 76, 111, 95], [121, 76, 131, 97], [95, 65, 102, 81], [113, 78, 122, 97], [91, 66, 97, 81], [33, 64, 39, 75], [126, 60, 136, 83]]
[[121, 75, 130, 97], [112, 78, 122, 98], [102, 76, 110, 95], [95, 64, 102, 81], [91, 66, 97, 81], [33, 63, 38, 75], [19, 69, 25, 84], [57, 61, 62, 73]]
[[121, 75, 130, 97], [112, 78, 122, 98], [102, 76, 110, 95], [95, 64, 102, 81], [91, 66, 97, 81], [33, 63, 38, 75], [19, 69, 25, 84], [57, 61, 62, 73]]
[[121, 75, 130, 97], [101, 76, 110, 95], [95, 65, 102, 81], [112, 78, 121, 97], [91, 66, 97, 81], [33, 64, 38, 75], [20, 71, 26, 84]]
[[121, 75, 130, 97], [101, 76, 110, 95], [95, 65, 102, 81], [113, 78, 121, 97], [91, 66, 97, 81], [32, 64, 38, 75], [21, 70, 26, 83], [126, 60, 135, 83]]
[[121, 75, 130, 96], [95, 65, 101, 81], [101, 76, 110, 94], [113, 78, 121, 97], [91, 66, 97, 81], [32, 64, 38, 75]]
[[121, 75, 130, 96], [101, 76, 109, 95], [95, 65, 102, 81], [113, 78, 121, 97], [91, 66, 97, 81], [32, 64, 38, 75], [56, 62, 61, 72], [22, 71, 27, 83]]
[[94, 65, 101, 81], [121, 75, 130, 96], [101, 76, 109, 95], [113, 78, 121, 97], [91, 66, 97, 81], [32, 63, 37, 74], [56, 62, 61, 72], [22, 70, 28, 83]]
[[101, 76, 109, 94], [120, 75, 129, 96], [113, 77, 121, 95], [94, 65, 101, 81], [91, 66, 97, 81], [32, 64, 37, 75], [23, 70, 29, 82], [56, 62, 61, 72]]
[[101, 76, 109, 95], [120, 75, 129, 96], [112, 77, 121, 95], [94, 65, 101, 81], [91, 66, 97, 81], [31, 64, 37, 75], [23, 71, 29, 83], [55, 61, 61, 72]]
[[101, 76, 109, 94], [120, 75, 129, 96], [112, 77, 120, 95], [90, 66, 96, 81], [94, 65, 101, 80], [31, 64, 36, 74], [24, 72, 29, 80]]
[[100, 76, 108, 94], [120, 75, 129, 95], [112, 77, 120, 95], [90, 66, 96, 80], [94, 65, 101, 80], [24, 68, 30, 82], [31, 63, 36, 74], [54, 60, 60, 73]]
[[100, 76, 108, 94], [120, 75, 128, 95], [112, 77, 120, 95], [90, 66, 96, 80], [94, 65, 101, 80], [31, 64, 36, 75], [54, 59, 60, 73], [24, 69, 30, 83]]
[[100, 75, 108, 94], [120, 75, 128, 96], [112, 77, 120, 96], [90, 66, 96, 80], [94, 65, 100, 80], [30, 64, 36, 76], [24, 68, 31, 82], [54, 58, 60, 73], [52, 57, 58, 70]]
[[100, 75, 108, 94], [120, 75, 128, 96], [112, 77, 120, 96], [90, 66, 96, 80], [94, 65, 100, 80], [30, 64, 36, 76], [24, 68, 31, 82], [54, 58, 60, 73], [52, 57, 58, 70]]
[[119, 75, 128, 95], [99, 76, 108, 95], [90, 65, 96, 80], [111, 77, 119, 95], [94, 65, 100, 80], [30, 63, 36, 76], [25, 68, 32, 82], [52, 57, 59, 72], [52, 57, 58, 70]]
[[99, 76, 108, 95], [119, 75, 128, 95], [111, 77, 119, 95], [90, 66, 96, 80], [94, 65, 100, 80], [30, 63, 36, 75], [26, 68, 32, 83], [52, 57, 58, 70], [53, 57, 59, 72]]
[[99, 76, 107, 94], [118, 75, 128, 95], [111, 77, 119, 95], [90, 66, 96, 81], [94, 65, 100, 80], [52, 57, 59, 71], [29, 64, 36, 75], [26, 68, 33, 82]]
[[99, 75, 107, 94], [118, 75, 128, 95], [110, 77, 119, 95], [94, 65, 100, 80], [90, 66, 96, 80], [27, 63, 34, 78], [52, 57, 58, 70]]
[[99, 76, 107, 94], [118, 74, 127, 95], [110, 77, 118, 95], [94, 65, 100, 80], [90, 66, 95, 80], [27, 63, 35, 79], [52, 57, 59, 70]]
[[99, 75, 106, 94], [118, 74, 127, 95], [89, 66, 95, 80], [94, 65, 100, 80], [110, 76, 118, 95], [28, 64, 35, 81], [53, 58, 59, 73], [53, 61, 59, 74]]
[[98, 75, 106, 95], [118, 74, 127, 96], [110, 76, 118, 96], [89, 66, 95, 80], [94, 65, 100, 80], [28, 64, 34, 79], [52, 57, 58, 73], [53, 61, 58, 73]]
[[98, 75, 106, 95], [109, 76, 118, 96], [118, 74, 127, 96], [89, 66, 95, 80], [94, 64, 100, 79], [28, 64, 35, 79], [53, 61, 58, 74]]
[[98, 75, 106, 94], [118, 74, 126, 95], [108, 76, 118, 96], [89, 66, 95, 80], [94, 65, 100, 79], [52, 61, 58, 74], [28, 63, 35, 79]]
[[98, 75, 106, 94], [108, 76, 118, 95], [118, 74, 126, 95], [89, 66, 95, 80], [93, 64, 100, 79], [52, 61, 58, 73], [28, 63, 35, 78], [27, 63, 36, 81]]
[[97, 75, 106, 94], [108, 76, 118, 95], [117, 74, 125, 94], [93, 64, 100, 79], [89, 66, 95, 80], [53, 62, 58, 73], [30, 69, 36, 83], [27, 64, 33, 75], [126, 59, 136, 89]]
[[97, 75, 105, 94], [117, 74, 126, 94], [108, 76, 117, 94], [93, 65, 100, 80], [89, 66, 95, 80], [52, 61, 58, 73], [30, 67, 37, 83], [126, 59, 136, 89]]
[[97, 75, 105, 94], [117, 74, 126, 95], [108, 76, 117, 94], [93, 65, 100, 80], [89, 66, 95, 80], [30, 67, 37, 83], [52, 60, 58, 73], [27, 64, 31, 74], [126, 59, 136, 89]]
[[97, 75, 105, 94], [117, 74, 126, 95], [108, 75, 117, 95], [93, 65, 100, 79], [89, 66, 94, 80], [52, 59, 58, 73], [26, 64, 31, 75], [126, 59, 136, 89], [31, 67, 37, 79]]
[[97, 75, 105, 94], [117, 74, 126, 95], [109, 75, 117, 95], [93, 65, 100, 79], [89, 66, 94, 80], [52, 59, 58, 73], [126, 59, 136, 89], [26, 63, 32, 75]]
[[97, 75, 105, 94], [116, 74, 125, 95], [88, 66, 94, 80], [93, 65, 100, 79], [109, 75, 117, 95], [126, 59, 136, 89], [51, 58, 58, 73]]
[[97, 75, 105, 94], [93, 65, 100, 79], [88, 65, 94, 80], [116, 74, 125, 95], [109, 76, 117, 95], [126, 60, 136, 89], [51, 60, 57, 73]]
[[97, 75, 105, 94], [116, 74, 124, 95], [93, 65, 100, 79], [88, 66, 94, 79], [108, 75, 117, 95], [125, 60, 136, 89], [25, 64, 30, 74], [51, 60, 57, 73]]
[[96, 75, 105, 94], [116, 74, 124, 95], [93, 65, 99, 79], [108, 76, 117, 95], [88, 65, 94, 80], [126, 60, 136, 89], [51, 61, 56, 73]]
[[96, 75, 105, 94], [116, 74, 124, 94], [108, 76, 116, 94], [88, 65, 94, 80], [92, 64, 99, 80], [125, 60, 136, 89]]
[[96, 75, 105, 94], [116, 74, 124, 94], [108, 76, 116, 94], [88, 65, 94, 80], [92, 64, 99, 79], [125, 60, 136, 89]]
[[96, 75, 105, 94], [108, 76, 116, 93], [116, 74, 124, 93], [92, 63, 99, 79], [88, 65, 94, 80], [125, 60, 136, 89]]
[[96, 74, 105, 93], [115, 74, 124, 94], [108, 76, 116, 93], [92, 64, 99, 79], [88, 65, 94, 79], [126, 59, 136, 89], [24, 64, 30, 76], [50, 61, 55, 73]]
[[96, 74, 104, 93], [115, 73, 124, 94], [108, 76, 115, 93], [92, 64, 99, 79], [88, 65, 93, 79], [126, 59, 136, 89], [54, 57, 59, 70], [50, 60, 55, 73]]
[[96, 74, 104, 94], [115, 74, 123, 94], [108, 76, 115, 94], [92, 64, 99, 79], [88, 65, 93, 79], [54, 57, 59, 70], [126, 59, 136, 89], [49, 61, 55, 73], [35, 67, 42, 83]]
[[96, 74, 104, 94], [115, 73, 123, 94], [108, 76, 115, 94], [92, 64, 98, 79], [54, 57, 60, 70], [88, 65, 93, 79], [36, 67, 42, 82], [126, 59, 136, 89], [49, 61, 55, 73]]
[[96, 75, 104, 94], [115, 74, 123, 94], [108, 76, 115, 94], [54, 57, 60, 70], [36, 67, 42, 83], [92, 64, 98, 79], [88, 65, 93, 79], [49, 61, 55, 73], [126, 59, 136, 89]]
[[96, 75, 104, 94], [115, 74, 123, 94], [108, 76, 115, 94], [54, 57, 60, 70], [92, 64, 98, 79], [88, 65, 93, 79], [126, 59, 136, 89], [49, 61, 55, 73], [49, 57, 55, 72], [36, 67, 42, 79], [36, 67, 43, 82]]
[[95, 75, 103, 94], [114, 73, 123, 94], [107, 76, 115, 94], [92, 64, 98, 79], [88, 65, 93, 79], [126, 59, 136, 89], [54, 57, 60, 71], [49, 62, 54, 73], [37, 66, 43, 82], [37, 66, 42, 78]]
[[95, 74, 103, 94], [114, 73, 123, 94], [107, 76, 115, 94], [92, 64, 98, 79], [87, 65, 93, 79], [126, 59, 136, 89], [54, 57, 60, 70], [49, 62, 54, 73]]
[[95, 74, 103, 94], [114, 73, 122, 94], [107, 76, 115, 93], [92, 64, 98, 79], [87, 65, 93, 79], [126, 60, 136, 89], [54, 57, 60, 70], [49, 62, 54, 73], [37, 68, 43, 82]]
[[95, 74, 103, 94], [107, 76, 114, 93], [87, 65, 93, 79], [92, 64, 98, 79], [113, 73, 122, 94], [37, 67, 44, 83], [126, 60, 136, 89], [48, 62, 54, 73], [55, 57, 60, 70], [21, 65, 27, 76]]
[[95, 74, 102, 94], [106, 76, 114, 93], [113, 73, 122, 94], [87, 65, 93, 79], [92, 64, 98, 79], [48, 62, 53, 73], [55, 57, 60, 70], [126, 60, 136, 89], [38, 68, 44, 82], [21, 65, 27, 75]]
[[95, 74, 103, 94], [106, 76, 114, 94], [113, 73, 122, 94], [87, 65, 93, 79], [92, 64, 98, 79], [38, 68, 44, 82], [48, 61, 53, 73], [126, 60, 136, 89], [54, 57, 60, 70]]
[[94, 74, 102, 94], [105, 75, 114, 94], [112, 73, 121, 93], [87, 65, 93, 79], [92, 64, 98, 79], [39, 66, 45, 80], [39, 66, 44, 77], [126, 59, 137, 90], [48, 62, 53, 73], [21, 65, 26, 76], [54, 57, 60, 69]]
[[94, 74, 102, 94], [113, 73, 121, 93], [105, 75, 114, 94], [87, 65, 93, 79], [92, 64, 98, 79], [39, 67, 45, 81], [20, 65, 26, 76], [126, 59, 137, 90], [39, 66, 44, 77], [48, 62, 53, 73], [54, 57, 60, 70]]
[[94, 74, 102, 94], [112, 73, 121, 93], [105, 75, 114, 93], [87, 65, 93, 79], [92, 64, 98, 79], [39, 67, 45, 82], [126, 59, 137, 90], [20, 64, 26, 77]]
[[94, 74, 102, 94], [112, 73, 121, 93], [105, 75, 114, 93], [87, 65, 93, 79], [92, 64, 98, 78], [39, 67, 45, 82], [126, 59, 137, 90], [20, 64, 26, 77]]
[[94, 74, 102, 94], [112, 74, 121, 94], [105, 75, 114, 94], [87, 65, 93, 79], [92, 64, 98, 79], [126, 59, 137, 90], [39, 66, 45, 81]]
[[94, 74, 102, 94], [112, 73, 121, 94], [106, 75, 114, 93], [87, 65, 93, 79], [47, 62, 52, 74], [92, 64, 98, 79], [126, 59, 137, 90], [40, 66, 45, 77], [55, 57, 60, 69]]
[[94, 74, 102, 94], [112, 73, 121, 94], [106, 75, 113, 94], [88, 65, 93, 79], [46, 62, 52, 74], [40, 67, 46, 81], [126, 59, 137, 90], [92, 64, 98, 78], [55, 57, 60, 69], [40, 66, 45, 77]]
[[94, 74, 102, 94], [112, 73, 121, 94], [106, 75, 113, 94], [87, 65, 93, 79], [91, 64, 98, 79], [46, 62, 52, 74], [40, 67, 46, 80], [55, 57, 60, 69], [126, 59, 137, 90]]
[[94, 74, 102, 94], [112, 73, 121, 94], [105, 75, 113, 94], [87, 65, 93, 78], [46, 62, 52, 75], [91, 64, 97, 78], [55, 57, 60, 69], [40, 67, 46, 77], [126, 59, 137, 89], [40, 66, 47, 81]]
[[94, 74, 102, 94], [112, 73, 121, 94], [105, 75, 113, 94], [88, 65, 93, 78], [91, 64, 97, 78], [46, 62, 52, 75], [55, 57, 60, 69], [40, 67, 46, 78], [126, 59, 137, 89]]
[[94, 74, 102, 94], [112, 73, 121, 93], [105, 75, 113, 94], [88, 65, 93, 78], [91, 64, 97, 78], [55, 57, 60, 69], [46, 61, 52, 74], [41, 66, 47, 81], [126, 59, 137, 89], [41, 67, 46, 77]]
[[94, 74, 102, 94], [112, 73, 121, 93], [105, 75, 113, 94], [88, 65, 93, 78], [91, 64, 97, 78], [55, 57, 60, 69], [46, 61, 52, 74], [41, 66, 47, 81], [41, 67, 46, 77], [126, 59, 137, 89]]
[[94, 74, 102, 93], [112, 72, 120, 93], [105, 75, 112, 93], [87, 65, 93, 78], [55, 57, 60, 69], [91, 64, 97, 78], [41, 65, 48, 81]]
[[94, 74, 102, 93], [105, 75, 112, 93], [112, 72, 120, 93], [87, 65, 93, 78], [46, 62, 51, 74], [91, 64, 97, 78], [55, 57, 60, 69], [41, 65, 48, 81]]
[[94, 74, 102, 93], [111, 73, 120, 93], [105, 75, 112, 93], [87, 65, 93, 78], [91, 64, 97, 78], [45, 62, 51, 74], [55, 57, 60, 69], [41, 66, 48, 81]]
[[94, 74, 102, 94], [111, 73, 120, 93], [105, 75, 112, 93], [87, 65, 93, 78], [91, 64, 97, 78], [45, 62, 51, 75], [55, 57, 60, 69]]
[[94, 74, 102, 94], [111, 73, 119, 93], [105, 75, 112, 93], [87, 64, 93, 79], [55, 57, 60, 69], [91, 64, 97, 78], [45, 61, 51, 75]]
[[104, 75, 112, 93], [93, 74, 102, 94], [111, 73, 120, 93], [87, 64, 93, 78], [45, 61, 51, 75], [55, 57, 60, 69], [91, 64, 96, 78], [42, 65, 49, 81]]
[[93, 74, 101, 94], [104, 75, 112, 93], [111, 73, 119, 93], [87, 64, 93, 78], [55, 57, 60, 69], [45, 62, 51, 75], [91, 64, 96, 78], [42, 64, 50, 82], [144, 67, 157, 96]]
[[93, 73, 101, 94], [104, 75, 112, 93], [111, 73, 119, 93], [87, 64, 93, 78], [55, 57, 60, 69], [90, 64, 96, 78], [43, 63, 50, 81], [145, 67, 157, 96], [43, 62, 50, 76]]
[[93, 74, 101, 93], [104, 75, 111, 93], [111, 73, 119, 93], [87, 64, 93, 78], [90, 64, 96, 78], [55, 57, 60, 69]]
[[93, 74, 101, 94], [103, 75, 111, 93], [110, 73, 119, 93], [87, 64, 93, 78], [90, 64, 96, 78], [55, 57, 60, 69]]
[[93, 73, 100, 94], [110, 73, 119, 93], [103, 75, 111, 93], [90, 64, 96, 78], [87, 64, 92, 78], [55, 57, 60, 69], [44, 63, 49, 76]]
[[102, 75, 111, 93], [110, 72, 118, 93], [92, 73, 100, 93], [87, 64, 92, 78], [90, 64, 96, 78], [55, 57, 61, 69], [44, 63, 49, 77]]
[[102, 74, 111, 93], [92, 73, 100, 92], [110, 72, 118, 93], [90, 64, 96, 78], [87, 65, 92, 78], [55, 57, 60, 69]]
[[103, 74, 111, 93], [92, 73, 100, 92], [110, 72, 118, 93], [90, 64, 96, 78], [87, 65, 92, 78], [55, 57, 60, 69]]
[[103, 74, 111, 93], [92, 73, 100, 92], [110, 72, 118, 93], [90, 64, 96, 78], [86, 65, 92, 78], [43, 63, 50, 77], [55, 56, 61, 69], [126, 60, 137, 89], [45, 69, 50, 80]]
[[103, 74, 111, 93], [92, 73, 100, 92], [110, 72, 118, 93], [90, 63, 96, 78], [86, 65, 92, 78], [43, 63, 49, 76], [126, 60, 137, 89], [55, 57, 61, 69]]
[[92, 73, 100, 92], [103, 74, 110, 93], [110, 72, 118, 93], [86, 65, 92, 78], [90, 63, 96, 78], [42, 62, 48, 74], [126, 59, 137, 89], [45, 68, 51, 81]]
[[92, 73, 99, 92], [103, 75, 110, 93], [110, 72, 118, 93], [86, 65, 92, 78], [42, 62, 48, 74], [90, 64, 96, 78], [126, 59, 136, 89], [45, 64, 51, 80]]
[[92, 73, 99, 92], [102, 75, 110, 92], [110, 72, 118, 93], [86, 65, 91, 78], [90, 64, 96, 77], [42, 62, 48, 75]]
[[92, 73, 99, 93], [110, 72, 118, 93], [102, 74, 110, 93], [86, 64, 91, 78], [90, 63, 95, 77], [42, 62, 47, 74]]
[[92, 73, 99, 93], [110, 72, 118, 93], [102, 74, 110, 93], [86, 64, 91, 77], [42, 63, 47, 74], [90, 64, 95, 77]]
[[92, 73, 99, 93], [110, 72, 118, 93], [102, 74, 110, 93], [42, 63, 47, 73], [86, 64, 91, 78], [143, 67, 157, 103], [89, 63, 95, 77], [46, 67, 52, 81]]
[[92, 73, 99, 93], [110, 72, 118, 93], [102, 74, 110, 93], [42, 63, 47, 73], [86, 64, 91, 78], [46, 67, 52, 81], [143, 67, 157, 103], [89, 64, 95, 77]]
[[91, 73, 99, 92], [102, 74, 110, 93], [110, 72, 118, 92], [85, 64, 91, 78], [90, 64, 96, 77], [143, 66, 157, 104]]
[[102, 74, 110, 93], [91, 73, 98, 92], [110, 72, 118, 92], [85, 64, 91, 78], [89, 63, 96, 77], [47, 67, 53, 79], [126, 59, 137, 89]]
[[91, 73, 98, 92], [102, 74, 110, 93], [110, 72, 118, 92], [85, 64, 91, 78], [89, 63, 95, 77], [47, 67, 53, 80], [126, 59, 136, 89]]
[[91, 73, 98, 92], [102, 74, 110, 92], [110, 72, 118, 92], [85, 64, 91, 78], [41, 62, 46, 73], [89, 63, 95, 77], [47, 67, 53, 81], [126, 59, 136, 89]]
[[110, 72, 118, 92], [102, 74, 110, 93], [91, 73, 98, 92], [85, 64, 91, 78], [89, 63, 95, 77], [40, 62, 46, 75], [126, 59, 136, 89], [56, 58, 61, 70]]
[[101, 74, 109, 93], [110, 72, 118, 92], [91, 73, 98, 92], [85, 64, 91, 78], [89, 64, 95, 77], [56, 57, 61, 70], [126, 59, 136, 89]]
[[110, 72, 118, 92], [101, 74, 109, 93], [90, 73, 98, 92], [85, 64, 91, 78], [89, 63, 95, 77], [56, 57, 61, 70], [126, 59, 136, 89]]
[[109, 72, 118, 92], [101, 74, 109, 93], [90, 72, 98, 92], [85, 64, 91, 78], [89, 63, 95, 78], [56, 57, 61, 70], [126, 59, 136, 89]]
[[101, 74, 109, 93], [109, 72, 118, 92], [90, 72, 98, 92], [84, 63, 90, 77], [89, 63, 95, 77], [39, 62, 45, 75], [49, 68, 55, 81], [56, 57, 61, 70], [126, 59, 137, 89]]
[[109, 72, 117, 92], [101, 74, 109, 93], [90, 73, 98, 92], [84, 63, 90, 77], [88, 63, 95, 77], [39, 62, 45, 75], [56, 57, 61, 70], [49, 69, 55, 81], [126, 59, 137, 89]]
[[101, 74, 109, 93], [109, 72, 117, 92], [90, 73, 97, 92], [84, 63, 90, 78], [88, 63, 95, 78], [49, 68, 55, 81], [39, 62, 45, 75], [56, 57, 61, 70]]
[[101, 74, 109, 93], [109, 72, 117, 92], [90, 73, 97, 92], [84, 63, 90, 78], [88, 63, 95, 77], [49, 67, 55, 81], [39, 62, 45, 75], [56, 57, 61, 70], [126, 59, 137, 89], [144, 66, 157, 97]]
[[109, 72, 117, 92], [100, 74, 108, 92], [89, 72, 97, 92], [84, 63, 90, 78], [56, 57, 61, 70], [88, 63, 95, 78]]
[[109, 72, 117, 91], [100, 74, 108, 92], [89, 72, 97, 92], [84, 64, 89, 77], [88, 63, 95, 77], [38, 62, 44, 74], [50, 66, 56, 80], [56, 57, 61, 70]]
[[109, 72, 117, 92], [100, 74, 108, 92], [89, 72, 97, 91], [84, 64, 89, 78], [88, 63, 95, 78], [38, 62, 43, 75], [50, 66, 56, 80], [56, 57, 61, 70], [89, 70, 96, 84]]
[[100, 74, 108, 92], [109, 72, 117, 92], [89, 73, 97, 91], [84, 64, 89, 78], [38, 62, 43, 75], [50, 67, 56, 80], [88, 63, 95, 78], [56, 57, 61, 70], [89, 70, 95, 83]]
[[100, 73, 108, 92], [108, 71, 116, 92], [89, 72, 97, 91], [50, 67, 56, 81], [84, 64, 89, 77], [37, 62, 43, 74], [88, 63, 94, 77], [55, 57, 61, 70]]
[[100, 73, 108, 92], [108, 72, 116, 91], [89, 72, 96, 91], [50, 67, 56, 80], [84, 64, 89, 77], [37, 63, 43, 74], [88, 63, 94, 77], [55, 57, 61, 70]]
[[100, 73, 108, 92], [108, 71, 116, 91], [89, 72, 96, 91], [50, 67, 56, 80], [83, 64, 89, 77], [88, 63, 94, 77], [37, 62, 42, 75], [55, 57, 61, 70]]
[[100, 73, 107, 92], [108, 71, 116, 91], [89, 72, 96, 91], [50, 67, 56, 80], [83, 64, 89, 78], [88, 63, 94, 77], [37, 63, 42, 75], [55, 57, 62, 70]]
[[100, 73, 107, 92], [108, 71, 116, 91], [89, 72, 96, 91], [51, 67, 57, 80], [83, 64, 89, 77], [88, 63, 94, 77], [37, 63, 42, 75], [55, 57, 61, 70]]
[[100, 74, 107, 92], [108, 71, 116, 91], [89, 72, 96, 91], [83, 64, 89, 77], [88, 63, 94, 77], [37, 63, 42, 75], [51, 66, 57, 80], [55, 57, 61, 70]]
[[100, 74, 107, 92], [108, 71, 116, 91], [89, 72, 96, 91], [83, 64, 89, 77], [88, 63, 94, 77], [36, 63, 42, 75], [51, 66, 57, 80], [55, 57, 61, 70]]
[[108, 71, 116, 92], [100, 73, 107, 92], [88, 73, 96, 91], [83, 64, 88, 78], [51, 66, 57, 81], [88, 64, 94, 77], [36, 63, 41, 74]]
[[108, 71, 116, 91], [99, 73, 107, 92], [88, 72, 96, 91], [83, 64, 88, 78], [88, 64, 94, 77], [51, 66, 57, 81], [36, 63, 41, 75]]
[[99, 73, 107, 92], [108, 71, 116, 92], [88, 72, 96, 91], [35, 63, 41, 75], [83, 64, 88, 78], [126, 59, 137, 89], [87, 63, 94, 77]]
[[99, 73, 107, 92], [108, 71, 116, 92], [88, 72, 96, 91], [35, 63, 41, 75], [83, 64, 88, 78], [87, 63, 93, 77]]
[[99, 73, 107, 92], [108, 71, 116, 92], [88, 72, 96, 91], [83, 64, 88, 78], [87, 63, 93, 77]]
[[99, 73, 107, 91], [108, 71, 116, 91], [88, 72, 96, 91], [87, 63, 93, 77], [83, 63, 88, 78]]
[[108, 71, 116, 91], [99, 73, 107, 91], [88, 72, 96, 91], [34, 63, 40, 74], [83, 63, 88, 77], [87, 63, 93, 77], [52, 67, 58, 81], [126, 60, 137, 89]]
[[108, 71, 116, 91], [99, 73, 106, 92], [88, 72, 96, 91], [87, 63, 93, 77], [83, 63, 88, 78], [35, 63, 40, 75], [52, 67, 58, 80]]
[[107, 71, 116, 91], [88, 71, 96, 91], [99, 73, 106, 92], [87, 63, 93, 77], [83, 63, 88, 77], [34, 63, 40, 75]]
[[107, 71, 116, 91], [88, 72, 96, 91], [99, 73, 106, 92], [82, 63, 88, 77], [87, 63, 93, 77], [53, 64, 59, 79], [33, 63, 40, 76], [126, 60, 137, 89], [58, 59, 63, 70]]
[[107, 71, 116, 91], [88, 72, 96, 91], [98, 73, 106, 92], [34, 63, 39, 75], [82, 63, 88, 77], [87, 63, 93, 77], [53, 65, 59, 80], [53, 68, 59, 80], [58, 59, 63, 70]]
[[107, 71, 116, 91], [98, 73, 106, 92], [88, 72, 96, 91], [33, 63, 39, 76], [82, 63, 88, 77], [87, 63, 93, 77], [53, 65, 59, 80], [53, 69, 59, 80], [58, 59, 63, 70]]
[[107, 71, 115, 91], [98, 73, 106, 91], [88, 72, 96, 91], [33, 63, 39, 76], [82, 63, 88, 77], [86, 64, 92, 77], [58, 60, 63, 70], [53, 64, 59, 76]]
[[107, 71, 115, 91], [98, 73, 106, 91], [88, 72, 96, 91], [33, 63, 38, 76], [82, 63, 88, 76], [86, 64, 92, 76], [53, 64, 59, 77], [58, 60, 63, 71], [56, 57, 60, 66]]
[[98, 73, 106, 91], [107, 71, 115, 90], [88, 72, 95, 90], [82, 64, 88, 77], [32, 63, 38, 76], [86, 64, 92, 76], [56, 57, 60, 66], [58, 60, 63, 70], [54, 66, 59, 77]]
[[107, 71, 115, 90], [98, 73, 106, 91], [88, 72, 95, 90], [82, 64, 88, 77], [86, 64, 92, 76], [32, 62, 38, 75], [58, 60, 63, 70], [56, 57, 60, 66], [53, 66, 59, 77]]
[[106, 71, 114, 90], [88, 72, 95, 90], [98, 73, 105, 91], [31, 63, 37, 76], [86, 64, 92, 76], [82, 64, 88, 77], [58, 59, 63, 70], [56, 57, 60, 67]]
[[106, 71, 114, 90], [88, 72, 95, 90], [98, 73, 105, 91], [86, 64, 92, 76], [82, 64, 88, 77], [31, 63, 37, 76], [58, 59, 63, 70], [56, 57, 60, 67]]
[[106, 71, 114, 90], [98, 73, 105, 91], [88, 72, 95, 90], [86, 64, 92, 76], [82, 64, 88, 77], [58, 59, 63, 70], [31, 62, 37, 75], [56, 57, 60, 67], [54, 64, 60, 80]]
[[106, 71, 114, 90], [98, 73, 105, 91], [88, 72, 95, 90], [82, 64, 88, 77], [86, 64, 92, 77], [31, 62, 37, 75], [58, 59, 63, 70], [56, 57, 60, 66], [54, 63, 61, 78]]
[[106, 71, 114, 90], [98, 73, 105, 91], [88, 72, 95, 89], [86, 64, 92, 77], [82, 64, 88, 77], [31, 62, 37, 75], [54, 64, 60, 79], [58, 60, 63, 70], [56, 57, 60, 66]]
[[106, 71, 114, 90], [98, 73, 105, 91], [88, 72, 95, 90], [86, 64, 92, 76], [82, 64, 88, 76], [31, 63, 36, 76], [58, 60, 63, 70], [54, 63, 61, 79], [56, 57, 60, 66]]
[[106, 71, 114, 90], [98, 73, 105, 91], [88, 72, 95, 89], [86, 64, 92, 76], [82, 64, 88, 77], [31, 63, 36, 76], [58, 60, 63, 70], [54, 63, 61, 79], [56, 57, 60, 66], [54, 57, 60, 71]]
[[106, 71, 114, 90], [98, 73, 105, 91], [89, 72, 96, 89], [30, 63, 36, 77], [82, 63, 87, 77], [86, 63, 92, 76]]
[[105, 71, 114, 90], [98, 73, 105, 91], [89, 72, 96, 89], [30, 62, 36, 77], [82, 63, 87, 77], [55, 63, 61, 76]]
[[105, 71, 113, 90], [98, 73, 105, 91], [89, 71, 96, 89], [30, 62, 36, 77], [55, 64, 61, 79], [82, 63, 87, 76], [55, 57, 60, 67]]
[[105, 71, 113, 90], [97, 73, 105, 91], [89, 72, 96, 90], [55, 65, 61, 80], [29, 63, 35, 76]]
[[105, 71, 113, 90], [97, 73, 105, 91], [89, 71, 96, 90], [29, 63, 35, 76], [55, 65, 61, 80], [55, 57, 60, 66]]
[[105, 71, 113, 90], [97, 73, 105, 90], [89, 71, 96, 89], [55, 65, 61, 79], [81, 63, 87, 76], [29, 62, 35, 77]]
[[105, 71, 113, 90], [97, 73, 105, 90], [89, 71, 96, 89], [55, 65, 61, 79], [82, 63, 87, 76]]
[[105, 71, 113, 90], [97, 73, 105, 90], [89, 71, 96, 89], [55, 65, 62, 79], [81, 63, 87, 76]]
[[97, 73, 105, 90], [105, 71, 112, 90], [89, 71, 96, 89], [56, 66, 62, 80], [81, 63, 87, 76], [28, 63, 34, 76], [55, 57, 60, 66], [85, 63, 91, 76]]
[[97, 73, 105, 90], [105, 71, 112, 90], [89, 71, 96, 89], [56, 66, 62, 80], [58, 54, 65, 69], [81, 63, 87, 76], [55, 57, 61, 67]]
[[97, 73, 105, 90], [105, 71, 112, 89], [89, 71, 96, 89], [56, 66, 62, 80], [58, 53, 65, 69]]
[[97, 73, 105, 90], [105, 71, 112, 89], [89, 71, 96, 89], [56, 66, 62, 80], [58, 53, 65, 69], [81, 63, 87, 76]]
[[97, 72, 105, 90], [105, 71, 112, 89], [89, 72, 96, 89], [81, 63, 86, 76]]
[[105, 71, 112, 89], [97, 72, 104, 90], [89, 72, 96, 89], [81, 63, 86, 76], [56, 62, 62, 77]]
[[104, 71, 112, 89], [97, 72, 104, 90], [89, 71, 96, 89], [81, 63, 86, 76]]
[[104, 71, 112, 89], [97, 71, 104, 90], [89, 71, 96, 88], [81, 63, 86, 76], [57, 66, 61, 75]]
[[104, 71, 112, 89], [97, 71, 104, 90], [89, 71, 96, 89], [81, 63, 86, 76], [57, 66, 62, 75]]
[[104, 71, 112, 89], [97, 72, 104, 90], [89, 71, 96, 89], [81, 63, 86, 76], [84, 63, 90, 76], [25, 63, 31, 76], [57, 66, 62, 75]]
[[104, 71, 111, 89], [97, 72, 104, 90], [89, 71, 96, 89], [81, 63, 86, 76], [84, 63, 90, 76], [57, 66, 62, 76], [25, 63, 31, 75]]
[[97, 72, 104, 90], [104, 71, 111, 89], [89, 71, 96, 89], [57, 65, 63, 79], [81, 63, 86, 76], [84, 63, 90, 76]]
[[97, 72, 104, 90], [104, 71, 111, 89], [89, 71, 96, 88], [80, 63, 86, 76], [84, 63, 89, 76], [57, 64, 63, 79]]
[[97, 72, 104, 90], [104, 70, 111, 89], [89, 71, 96, 88], [80, 63, 86, 76], [57, 64, 63, 79], [84, 63, 90, 76], [25, 63, 30, 76]]
[[97, 72, 104, 90], [89, 71, 96, 88], [104, 70, 111, 89], [80, 63, 86, 76], [84, 63, 90, 76], [57, 63, 63, 79], [24, 63, 31, 76]]
[[97, 72, 104, 90], [104, 70, 111, 89], [89, 70, 96, 88], [80, 63, 86, 75], [84, 63, 90, 75]]
[[97, 72, 104, 90], [103, 70, 111, 89], [89, 71, 96, 88], [84, 63, 90, 75], [80, 63, 86, 75]]
[[97, 72, 104, 90], [103, 70, 111, 89], [89, 70, 96, 88], [23, 63, 30, 77], [84, 63, 89, 75], [80, 63, 85, 75]]
[[97, 72, 104, 90], [89, 70, 96, 89], [103, 70, 111, 89], [84, 63, 90, 75], [23, 63, 31, 81], [80, 63, 85, 75], [23, 63, 30, 78]]
[[97, 72, 104, 89], [103, 70, 111, 89], [89, 71, 96, 88], [57, 64, 64, 80], [23, 63, 29, 77], [84, 63, 89, 75]]
[[97, 72, 104, 89], [103, 70, 111, 89], [89, 71, 96, 89], [57, 64, 64, 79], [23, 63, 29, 78], [80, 63, 85, 75], [84, 63, 89, 75]]
[[97, 72, 104, 89], [103, 70, 111, 89], [89, 71, 96, 89], [57, 64, 64, 79], [84, 63, 89, 75], [80, 63, 85, 75]]
[[97, 72, 104, 89], [103, 70, 111, 89], [89, 71, 96, 89], [57, 63, 64, 79], [84, 63, 89, 75], [80, 63, 85, 75]]
[[97, 71, 104, 89], [103, 70, 111, 89], [89, 71, 96, 88], [57, 63, 64, 79], [79, 63, 84, 76], [84, 63, 89, 75]]
[[97, 71, 104, 89], [103, 70, 111, 89], [89, 71, 96, 88], [57, 63, 64, 79], [84, 63, 89, 75], [79, 63, 84, 76]]
[[97, 71, 104, 89], [103, 70, 111, 89], [89, 71, 96, 88], [57, 63, 64, 79], [79, 63, 84, 76], [83, 63, 89, 75]]
[[97, 71, 104, 89], [103, 70, 111, 89], [89, 71, 96, 88], [57, 63, 64, 79], [79, 63, 84, 76], [83, 63, 89, 75]]
[[97, 71, 104, 89], [103, 70, 111, 89], [89, 71, 96, 88], [57, 62, 64, 79], [79, 63, 84, 75], [83, 63, 89, 75], [126, 60, 136, 89]]
[[97, 71, 104, 89], [103, 70, 111, 88], [89, 71, 96, 88], [57, 62, 64, 79], [79, 63, 84, 75], [83, 63, 89, 75], [126, 60, 136, 89]]
[[97, 71, 103, 89], [103, 70, 111, 88], [89, 71, 96, 88], [58, 62, 64, 79], [79, 63, 84, 74], [83, 62, 89, 75]]
[[96, 71, 103, 89], [103, 70, 111, 88], [89, 71, 96, 88], [58, 62, 64, 78], [79, 63, 84, 74], [83, 62, 89, 75], [126, 60, 136, 89]]
[[96, 71, 103, 89], [103, 70, 111, 88], [89, 71, 96, 88], [78, 63, 83, 75], [126, 60, 136, 89], [58, 62, 64, 76], [83, 62, 89, 74]]
[[96, 71, 103, 89], [103, 70, 111, 88], [89, 71, 96, 88], [78, 63, 83, 75], [58, 62, 64, 76], [126, 60, 136, 89], [83, 62, 89, 74]]
[[96, 71, 103, 89], [103, 70, 111, 88], [89, 70, 96, 88], [78, 63, 83, 75], [126, 60, 136, 89], [58, 62, 64, 76], [83, 62, 89, 75]]
[[96, 71, 103, 89], [103, 70, 111, 88], [89, 70, 96, 88], [78, 63, 83, 75], [58, 62, 64, 77], [126, 60, 137, 89]]
[[103, 70, 110, 88], [96, 71, 103, 89], [89, 70, 96, 88], [78, 63, 83, 75], [58, 62, 64, 78], [126, 60, 137, 89]]
[[96, 71, 103, 88], [103, 70, 110, 88], [89, 70, 96, 88], [78, 63, 83, 75], [58, 62, 64, 78], [126, 60, 137, 89], [83, 63, 88, 75]]
[[96, 71, 103, 88], [103, 70, 110, 88], [89, 70, 96, 88], [78, 63, 83, 75], [58, 62, 64, 78], [126, 60, 137, 89], [83, 63, 88, 75]]
[[96, 71, 103, 88], [103, 70, 111, 88], [89, 71, 96, 88], [78, 62, 83, 75], [82, 62, 89, 75], [58, 62, 65, 78], [126, 60, 137, 89]]
[[96, 71, 103, 88], [103, 70, 110, 88], [89, 70, 96, 88], [78, 62, 83, 75], [82, 62, 88, 75], [126, 60, 137, 89], [58, 62, 65, 78], [59, 62, 64, 75]]
[[96, 71, 103, 88], [102, 70, 110, 88], [89, 70, 96, 88], [78, 62, 83, 75], [82, 62, 88, 75], [126, 60, 137, 89], [58, 61, 65, 75]]
