[[157, 50, 187, 135], [189, 56, 222, 141], [116, 66, 157, 160], [235, 50, 273, 137], [7, -16, 24, 32]]
[[189, 56, 221, 140], [156, 50, 186, 135], [119, 67, 158, 161], [233, 51, 273, 136], [7, -13, 23, 32]]
[[155, 49, 185, 136], [119, 68, 160, 163], [188, 55, 220, 140], [232, 50, 272, 136], [6, -14, 23, 32]]
[[186, 55, 219, 140], [154, 48, 184, 135], [123, 71, 167, 166], [232, 50, 270, 135], [6, -11, 21, 31]]
[[153, 47, 184, 135], [123, 71, 167, 166], [186, 55, 219, 140], [231, 49, 270, 136], [6, -11, 21, 31]]
[[186, 54, 217, 140], [124, 72, 168, 170], [152, 47, 183, 135], [230, 47, 268, 135], [4, -21, 24, 31], [19, -27, 38, 22], [-12, -26, 3, 13]]
[[185, 54, 217, 141], [229, 45, 266, 134], [150, 47, 183, 136], [125, 74, 169, 169], [2, -27, 25, 31], [-13, -37, 15, 31]]
[[184, 53, 215, 140], [228, 43, 262, 133], [128, 74, 174, 170], [148, 47, 183, 136], [2, -20, 23, 30], [20, -21, 37, 25], [-16, -19, 2, 30]]
[[228, 41, 259, 132], [183, 53, 214, 140], [131, 74, 176, 170], [149, 46, 183, 130], [1, -20, 22, 30], [20, -20, 35, 21], [-16, -20, 3, 30]]
[[182, 52, 214, 138], [228, 40, 257, 130], [135, 74, 176, 170], [149, 46, 182, 127], [2, -15, 20, 31]]
[[147, 45, 184, 127], [181, 52, 212, 135], [224, 40, 257, 130], [1, -19, 20, 30], [141, 77, 175, 170], [17, -24, 36, 24], [11, -28, 33, 27]]
[[181, 51, 212, 134], [147, 45, 186, 127], [224, 40, 253, 130], [142, 76, 178, 171], [1, -19, 20, 31], [13, -27, 34, 27], [17, -30, 40, 34], [17, -19, 34, 26], [-18, -25, 3, 29]]
[[180, 51, 211, 133], [147, 44, 187, 125], [221, 40, 255, 130], [1, -16, 20, 30], [144, 79, 178, 172], [18, -17, 34, 25], [-17, -22, 2, 29], [38, -30, 60, 22], [13, -25, 33, 24], [-14, -29, 5, 25]]
[[179, 51, 210, 131], [146, 43, 190, 126], [222, 39, 253, 130], [146, 77, 189, 175], [1, -19, 21, 30], [16, -22, 35, 25], [-18, -25, 2, 29], [40, -30, 60, 10], [-12, -28, 5, 12], [32, -33, 51, 17]]
[[179, 50, 209, 131], [221, 40, 253, 130], [147, 77, 191, 177], [146, 43, 186, 126], [1, -19, 20, 30], [17, -22, 35, 25], [-19, -29, 2, 29], [-13, -31, 6, 13], [39, -31, 61, 10], [-8, -29, 9, 11]]
[[177, 50, 208, 130], [145, 43, 174, 124], [151, 79, 193, 179], [218, 39, 251, 129], [1, -20, 19, 29], [16, -23, 35, 25], [135, 78, 183, 179], [-18, -28, 3, 27], [-13, -28, 5, 13], [39, -30, 60, 13], [33, -34, 53, 17], [29, -33, 47, 8]]
[[177, 50, 208, 130], [145, 43, 174, 124], [219, 39, 251, 129], [151, 80, 193, 179], [1, -20, 19, 29], [16, -23, 36, 26], [-18, -29, 3, 27], [-13, -28, 4, 13], [136, 78, 182, 178], [38, -31, 60, 18], [34, -34, 55, 21], [29, -30, 47, 6]]
[[143, 42, 173, 124], [175, 49, 206, 130], [214, 38, 251, 129], [153, 82, 195, 181], [0, -22, 19, 28], [17, -23, 36, 26], [-14, -28, 4, 13], [-19, -30, 3, 26], [39, -29, 60, 19], [194, 39, 236, 130], [-8, -30, 10, 10], [-11, -23, 2, 12], [20, -32, 43, 23]]
[[141, 42, 174, 124], [174, 49, 206, 131], [214, 38, 250, 129], [153, 83, 197, 181], [0, -22, 19, 28], [16, -22, 35, 27], [-18, -28, 2, 26], [-14, -26, 2, 15], [39, -29, 60, 18], [190, 38, 230, 130], [-10, -21, 2, 11], [29, -30, 46, 6]]
[[174, 48, 203, 130], [140, 42, 173, 126], [213, 37, 245, 127], [0, -24, 18, 28], [159, 85, 198, 185], [15, -23, 33, 26], [-18, -30, 2, 27], [-15, -27, 3, 17], [-14, -28, 7, 30], [146, 82, 191, 185], [39, -31, 60, 10]]
[[174, 48, 202, 130], [140, 42, 172, 126], [212, 37, 244, 127], [0, -22, 17, 28], [162, 86, 201, 187], [15, -24, 33, 26], [-17, -28, 3, 27], [-14, -26, 3, 18], [-13, -27, 8, 30], [143, 81, 188, 187], [122, 42, 151, 125]]
[[140, 42, 171, 126], [173, 47, 201, 130], [211, 36, 243, 127], [166, 94, 202, 186], [0, -22, 17, 27], [14, -24, 32, 26], [-17, -28, 2, 26], [-14, -26, 3, 18], [-9, -26, 11, 29], [123, 42, 151, 124]]
[[139, 41, 170, 125], [208, 35, 239, 122], [171, 46, 200, 123], [169, 86, 207, 188], [0, -21, 17, 27], [14, -23, 32, 26], [-17, -27, 2, 26], [-13, -25, 7, 29]]
[[138, 41, 169, 124], [206, 35, 238, 123], [170, 85, 209, 187], [170, 46, 199, 122], [0, -21, 16, 27], [14, -23, 32, 25], [-17, -27, 2, 26], [39, -30, 60, 10]]
[[138, 40, 167, 123], [205, 34, 237, 121], [170, 45, 198, 121], [173, 86, 211, 188], [0, -21, 16, 27], [14, -22, 31, 25], [158, 85, 201, 188], [40, -29, 60, 9], [-17, -26, 2, 26], [-11, -25, 8, 29], [142, 83, 186, 187], [30, -32, 46, 8]]
[[137, 39, 166, 122], [169, 44, 198, 121], [204, 34, 235, 121], [173, 86, 215, 190], [0, -20, 16, 27], [14, -22, 31, 25], [156, 85, 202, 190], [-16, -25, 2, 26], [-12, -24, 7, 29], [40, -29, 60, 9], [138, 84, 185, 189], [21, -28, 38, 21]]
[[136, 39, 165, 122], [168, 44, 198, 123], [202, 34, 234, 120], [0, -20, 15, 27], [175, 88, 217, 189], [13, -22, 31, 25], [154, 86, 208, 189], [147, 87, 195, 188], [-13, -22, 2, 26], [-11, -23, 7, 28], [137, 85, 186, 188], [40, -29, 60, 9], [24, -31, 43, 19]]
[[134, 38, 165, 119], [166, 43, 199, 123], [179, 90, 224, 191], [198, 34, 232, 121], [-1, -20, 14, 27], [12, -24, 31, 26], [40, -30, 60, 9], [21, -29, 39, 23], [24, -31, 42, 12], [29, -33, 46, 8], [166, 90, 207, 188], [-12, -23, 5, 26]]
[[134, 38, 165, 119], [166, 43, 199, 123], [179, 90, 223, 191], [198, 34, 232, 121], [-1, -20, 14, 26], [12, -24, 31, 26], [40, -30, 60, 9], [166, 90, 208, 188], [20, -30, 39, 24], [23, -33, 42, 20], [29, -33, 46, 8], [-12, -23, 4, 27], [26, -30, 43, 9]]
[[165, 43, 197, 122], [132, 38, 163, 118], [195, 34, 229, 120], [180, 92, 227, 192], [-1, -18, 13, 26], [12, -23, 30, 25], [40, -29, 60, 10], [22, -26, 39, 24]]
[[131, 38, 163, 118], [163, 43, 197, 123], [191, 34, 229, 121], [181, 94, 229, 194], [-1, -18, 13, 26], [12, -23, 30, 25], [22, -28, 40, 23], [24, -28, 41, 14], [40, -29, 60, 10], [-4, -20, 10, 25], [108, 37, 139, 116], [113, 37, 145, 117], [30, -28, 45, 8]]
[[131, 37, 162, 118], [162, 43, 193, 124], [184, 95, 232, 192], [190, 33, 227, 116], [-2, -21, 13, 25], [11, -25, 29, 26], [40, -29, 60, 9], [107, 37, 138, 116]]
[[130, 37, 161, 118], [162, 43, 192, 123], [186, 96, 235, 194], [189, 33, 226, 115], [-3, -21, 13, 25], [11, -25, 29, 25], [41, -29, 60, 9], [20, -29, 39, 26]]
[[129, 37, 161, 118], [161, 42, 191, 125], [188, 95, 237, 196], [189, 33, 224, 115], [-4, -21, 12, 25], [10, -25, 29, 25], [21, -30, 40, 25]]
[[128, 37, 160, 117], [159, 41, 190, 121], [188, 32, 222, 116], [194, 95, 242, 201], [-5, -20, 11, 25], [11, -22, 28, 24], [21, -25, 41, 25], [40, -29, 60, 10], [29, -26, 45, 9]]
[[128, 37, 161, 117], [200, 95, 245, 201], [158, 41, 189, 119], [188, 31, 220, 115], [-5, -22, 11, 25], [9, -27, 28, 25], [21, -32, 40, 24], [39, -33, 61, 10]]
[[128, 37, 158, 116], [158, 41, 188, 118], [189, 31, 219, 115], [203, 96, 247, 201], [-5, -19, 11, 26], [10, -22, 27, 25], [21, -28, 41, 25], [39, -29, 60, 12], [0, -24, 18, 24], [39, -23, 60, 29], [178, 96, 223, 197], [24, -33, 44, 21], [31, -28, 47, 8]]
[[157, 41, 187, 117], [127, 36, 159, 116], [205, 96, 249, 203], [187, 30, 219, 114], [-6, -20, 11, 26], [10, -26, 28, 25], [21, -34, 41, 22], [39, -30, 60, 12], [39, -24, 60, 29]]
[[156, 41, 185, 117], [127, 35, 159, 116], [186, 31, 218, 114], [208, 98, 250, 205], [-6, -18, 11, 26], [10, -24, 27, 25], [39, -30, 60, 11], [20, -36, 41, 22]]
[[153, 40, 184, 116], [184, 30, 216, 115], [125, 34, 159, 114], [212, 101, 254, 205], [-6, -18, 10, 25], [9, -24, 27, 25], [21, -31, 40, 22], [39, -30, 60, 12], [-12, -22, 6, 27]]
[[184, 30, 216, 115], [153, 40, 183, 116], [126, 34, 160, 113], [213, 101, 254, 205], [-6, -19, 10, 25], [9, -25, 27, 25], [21, -32, 40, 22], [39, -31, 60, 12], [-12, -22, 6, 27]]
[[125, 33, 158, 112], [148, 39, 181, 115], [181, 30, 215, 114], [214, 104, 259, 208], [8, -24, 26, 24], [-7, -18, 9, 25], [18, -33, 39, 23], [190, 103, 241, 206], [37, -32, 61, 24], [-1, -25, 15, 21], [-13, -23, 7, 28], [200, 103, 251, 208]]
[[147, 39, 180, 115], [125, 33, 155, 112], [180, 30, 214, 114], [216, 106, 262, 211], [7, -30, 27, 25], [-8, -19, 9, 24], [16, -37, 39, 23], [3, -31, 22, 22], [196, 105, 249, 211], [19, -30, 41, 25], [39, -31, 61, 12]]
[[146, 40, 177, 115], [180, 29, 212, 114], [124, 32, 154, 111], [221, 108, 266, 217], [6, -31, 26, 23], [-11, -27, 9, 24], [39, -31, 61, 11]]
[[179, 30, 210, 113], [123, 33, 153, 110], [146, 40, 177, 114], [225, 109, 269, 220], [6, -32, 26, 23], [-9, -27, 10, 23], [224, 110, 271, 257]]
[[179, 30, 209, 113], [122, 32, 153, 110], [145, 39, 176, 114], [228, 109, 272, 224], [5, -33, 26, 22], [-12, -27, 7, 24], [-7, -31, 8, 14], [39, -33, 61, 10]]
[[177, 29, 207, 113], [119, 33, 151, 110], [144, 38, 173, 114], [234, 110, 280, 224], [4, -37, 26, 23], [-10, -35, 7, 21], [-16, -28, 5, 23], [39, -34, 61, 10]]
[[176, 28, 206, 112], [118, 32, 150, 110], [143, 38, 172, 114], [236, 110, 285, 229], [5, -30, 24, 22], [-9, -28, 6, 21], [-14, -33, 8, 23], [-13, -20, 4, 24]]
[[142, 38, 170, 113], [118, 32, 150, 111], [174, 27, 206, 112], [236, 110, 288, 229], [4, -34, 25, 22], [-2, -41, 23, 22], [-11, -34, 6, 20], [-16, -28, 5, 22], [38, -36, 61, 10]]
[[142, 37, 169, 112], [117, 32, 148, 109], [173, 27, 205, 111], [238, 110, 293, 231], [5, -30, 24, 21], [-13, -35, 9, 23], [-10, -29, 6, 21], [-15, -25, 5, 22], [39, -34, 61, 10]]
[[141, 37, 167, 112], [117, 31, 147, 108], [172, 26, 204, 109], [241, 112, 295, 233], [4, -31, 23, 21], [-8, -37, 16, 22], [-9, -31, 7, 20], [39, -34, 61, 10], [-15, -31, 6, 21], [154, 25, 190, 110]]
[[115, 31, 144, 107], [140, 37, 166, 111], [170, 26, 200, 107], [246, 115, 300, 238], [4, -31, 23, 20], [-10, -37, 13, 22], [-10, -31, 6, 20], [-15, -27, 5, 22], [39, -34, 61, 10], [2, -41, 26, 20], [237, 116, 294, 254], [-8, -31, 8, 13]]
[[113, 30, 143, 106], [168, 25, 198, 106], [139, 36, 164, 110], [3, -31, 22, 21], [251, 118, 302, 238], [-15, -32, 5, 19], [-8, -31, 8, 19], [-10, -26, 6, 14], [39, -35, 61, 10], [0, -42, 25, 21], [231, 118, 288, 252]]
[[113, 30, 143, 106], [139, 36, 164, 111], [167, 25, 196, 106], [3, -32, 22, 22], [254, 120, 303, 238], [-13, -26, 6, 22], [-10, -23, 6, 17], [39, -34, 61, 10], [-8, -31, 8, 13], [1, -41, 25, 20]]
[[137, 36, 164, 111], [110, 28, 142, 105], [163, 25, 194, 106], [260, 124, 308, 240], [2, -34, 22, 21], [-14, -32, 6, 20], [-13, -21, 4, 22], [245, 124, 301, 252], [0, -43, 25, 20], [-21, -34, 3, 27], [39, -34, 61, 10]]
[[137, 35, 163, 110], [110, 28, 141, 104], [162, 25, 193, 106], [2, -32, 22, 21], [261, 125, 313, 248], [-3, -36, 20, 21], [-14, -30, 5, 20], [-10, -28, 6, 14], [-12, -20, 3, 21], [-10, -36, 8, 9], [239, 129, 308, 272], [0, -43, 25, 20], [39, -32, 61, 10], [216, 131, 296, 288]]
[[109, 28, 141, 104], [137, 35, 163, 110], [160, 25, 192, 106], [2, -31, 22, 21], [267, 126, 315, 245], [-15, -34, 5, 19], [-10, -40, 9, 9], [253, 127, 311, 261], [-13, -21, 3, 21], [0, -44, 25, 20], [39, -35, 61, 10], [236, 129, 303, 269]]
[[108, 28, 140, 104], [159, 25, 191, 105], [136, 35, 162, 110], [273, 127, 322, 243], [2, -28, 21, 19], [-14, -36, 6, 11], [261, 129, 320, 269], [-9, -39, 8, 5], [-5, -31, 10, 16], [276, 127, 319, 200], [85, 28, 111, 100], [239, 130, 314, 281], [39, -33, 61, 10], [75, 29, 105, 100]]
[[107, 28, 140, 105], [135, 34, 162, 109], [158, 25, 190, 105], [277, 128, 325, 242], [1, -33, 21, 19], [-16, -39, 6, 14], [0, -37, 18, 16], [-9, -41, 9, 7], [257, 130, 318, 272], [87, 28, 113, 102]]
[[107, 29, 140, 104], [157, 25, 189, 104], [135, 34, 161, 108], [279, 129, 328, 242], [1, -29, 20, 19], [-16, -38, 5, 14], [-2, -33, 14, 16], [-9, -39, 9, 8], [281, 129, 325, 201], [255, 132, 320, 272], [82, 27, 111, 102]]
[[134, 34, 160, 107], [158, 25, 187, 104], [106, 28, 141, 104], [2, -29, 20, 19], [-15, -40, 6, 14], [-10, -40, 9, 11], [282, 129, 330, 244], [-1, -33, 15, 16]]
[[106, 28, 142, 103], [133, 33, 160, 106], [157, 24, 187, 104], [1, -32, 21, 19], [-16, -41, 6, 14], [-10, -41, 9, 11], [284, 130, 334, 252], [0, -37, 17, 16], [282, 141, 331, 279], [284, 133, 327, 230]]
[[133, 33, 159, 105], [104, 28, 141, 103], [157, 23, 183, 101], [0, -38, 22, 19], [-16, -43, 7, 14], [-11, -42, 9, 11], [-1, -49, 27, 19], [288, 135, 349, 313], [38, -37, 62, 10]]
[[133, 33, 159, 105], [105, 28, 141, 103], [157, 23, 183, 101], [0, -37, 21, 18], [-16, -42, 7, 14], [-10, -42, 9, 11], [-5, -41, 16, 16], [-1, -48, 27, 19], [285, 135, 352, 328]]
[[104, 27, 141, 102], [129, 32, 157, 105], [155, 23, 181, 101], [-1, -40, 21, 19], [-16, -43, 7, 15], [-2, -50, 27, 19], [-12, -31, 8, 13], [281, 151, 346, 327]]
[[103, 27, 140, 100], [129, 31, 157, 104], [154, 22, 180, 100], [-2, -47, 22, 19], [-17, -45, 7, 15], [-7, -51, 19, 17], [-12, -31, 8, 12], [38, -37, 62, 10]]
[[101, 26, 139, 99], [152, 22, 179, 100], [129, 32, 156, 104], [-1, -43, 21, 19], [-17, -46, 8, 15], [-10, -52, 13, 16], [-12, -33, 8, 12], [-3, -55, 28, 20]]
[[101, 26, 139, 99], [129, 31, 156, 104], [151, 22, 178, 100], [0, -40, 20, 19], [-15, -44, 11, 16], [-19, -41, 4, 16], [84, 25, 114, 97]]
[[100, 25, 137, 99], [150, 22, 178, 100], [128, 31, 157, 104], [-1, -42, 21, 19], [-14, -45, 11, 16], [-19, -42, 4, 15], [83, 24, 111, 97], [38, -36, 61, 10], [-14, -32, 7, 13]]
[[148, 22, 176, 100], [99, 25, 135, 99], [127, 30, 155, 104], [-1, -46, 21, 18], [-20, -42, 2, 15], [83, 25, 111, 97], [38, -36, 61, 10]]
[[98, 25, 133, 98], [148, 22, 175, 100], [127, 30, 154, 104], [-2, -45, 21, 18], [-19, -40, 2, 15], [38, -37, 61, 10], [82, 24, 111, 97], [77, 24, 106, 96]]
[[96, 24, 133, 98], [147, 21, 175, 100], [127, 30, 153, 103], [-2, -46, 21, 18], [-19, -38, 2, 15], [76, 23, 106, 96], [38, -37, 62, 10], [68, 24, 98, 96]]
[[95, 25, 132, 98], [147, 21, 174, 100], [127, 30, 152, 102], [-1, -43, 20, 17], [-18, -38, 2, 15], [38, -34, 61, 10], [74, 24, 104, 96]]
[[126, 29, 151, 102], [147, 21, 173, 100], [94, 25, 131, 98], [-1, -39, 19, 17], [-17, -35, 2, 15], [38, -32, 61, 10]]
[[126, 28, 149, 100], [145, 19, 172, 99], [94, 24, 129, 97], [-1, -37, 19, 17], [-17, -35, 2, 14], [39, -32, 61, 10], [72, 25, 100, 95], [77, 24, 105, 95]]
[[145, 19, 172, 98], [94, 24, 130, 98], [126, 28, 149, 99], [-1, -39, 19, 17], [-17, -36, 2, 14], [39, -33, 61, 10], [74, 24, 104, 96], [69, 24, 98, 96]]
[[92, 23, 127, 97], [124, 27, 147, 98], [143, 18, 170, 94], [-1, -39, 18, 16], [39, -32, 61, 10], [73, 22, 101, 95]]
[[91, 22, 126, 96], [123, 27, 146, 98], [142, 17, 169, 94], [-1, -37, 18, 16], [-16, -32, 2, 14], [38, -33, 61, 10], [68, 22, 96, 94], [61, 22, 90, 94]]
[[90, 22, 126, 95], [141, 17, 168, 94], [122, 27, 146, 98], [-2, -39, 18, 16], [38, -32, 61, 10], [74, 22, 102, 94]]
[[90, 22, 125, 94], [140, 17, 167, 93], [121, 27, 145, 98], [-2, -39, 17, 17], [77, 22, 102, 93], [70, 21, 96, 92]]
[[138, 18, 166, 93], [89, 21, 124, 93], [121, 27, 145, 97], [-3, -40, 17, 16], [63, 22, 89, 90], [70, 21, 96, 91], [38, -35, 61, 10]]
[[88, 21, 123, 93], [138, 17, 165, 93], [120, 27, 145, 97], [-3, -40, 17, 16], [62, 21, 89, 91], [70, 20, 97, 91], [38, -34, 61, 10], [56, 23, 84, 90]]
[[87, 21, 123, 93], [137, 18, 164, 93], [120, 26, 143, 97], [-3, -41, 16, 15], [38, -35, 61, 10], [62, 20, 90, 91], [69, 20, 97, 91]]
[[87, 21, 123, 93], [119, 27, 143, 97], [137, 18, 163, 93], [-4, -42, 16, 14], [60, 20, 89, 92], [69, 21, 97, 92], [52, 20, 84, 90], [38, -34, 61, 10]]
[[87, 21, 122, 92], [137, 17, 163, 93], [119, 26, 142, 97], [59, 18, 89, 92], [68, 19, 98, 92], [39, -31, 61, 10]]
[[86, 21, 122, 92], [136, 17, 162, 92], [117, 26, 142, 95], [59, 18, 89, 91], [39, -32, 61, 10]]
[[86, 21, 122, 92], [118, 25, 142, 95], [136, 17, 162, 92], [59, 18, 89, 91], [39, -32, 61, 10], [65, 18, 97, 92]]
[[116, 25, 141, 94], [135, 17, 160, 91], [85, 20, 121, 92], [38, -32, 61, 10], [66, 18, 96, 91], [-5, -31, 13, 14], [58, 18, 89, 91]]
[[116, 24, 140, 93], [135, 16, 160, 90], [85, 20, 119, 92], [-8, -44, 14, 14], [66, 19, 96, 91], [38, -33, 61, 10], [59, 19, 89, 90]]
[[133, 15, 159, 90], [114, 24, 139, 92], [84, 19, 121, 92], [-10, -40, 13, 14], [66, 18, 96, 91], [38, -33, 61, 10], [58, 18, 88, 90]]
[[133, 15, 158, 89], [113, 24, 138, 92], [84, 19, 116, 92], [66, 17, 97, 91], [38, -33, 61, 10]]
[[132, 14, 158, 88], [113, 24, 138, 92], [84, 19, 117, 91], [67, 18, 97, 91]]
[[131, 14, 157, 88], [111, 24, 137, 92], [83, 19, 114, 90], [61, 21, 87, 87], [67, 21, 91, 88], [56, 22, 83, 85]]
[[83, 18, 116, 89], [110, 23, 136, 92], [129, 14, 157, 88], [67, 20, 91, 87], [55, 21, 82, 84], [47, 25, 74, 82]]
[[82, 18, 113, 88], [110, 23, 136, 91], [129, 14, 157, 88], [67, 20, 92, 86], [55, 22, 81, 84], [46, 25, 74, 79], [63, 20, 87, 86]]
[[82, 17, 110, 87], [110, 23, 135, 91], [129, 14, 157, 88], [68, 20, 93, 86], [56, 21, 82, 85], [60, 20, 86, 86], [46, 23, 76, 82], [38, -32, 61, 10]]
[[82, 17, 107, 87], [109, 24, 134, 91], [129, 15, 157, 88], [64, 19, 88, 86], [38, -33, 61, 10], [57, 20, 84, 85], [-8, -34, 11, 13], [54, 21, 79, 83]]
[[81, 17, 105, 86], [129, 15, 156, 88], [109, 23, 132, 90], [38, -32, 61, 10], [-6, -31, 11, 13], [64, 19, 88, 86], [69, 18, 92, 86], [58, 19, 85, 85]]
[[81, 17, 105, 86], [129, 14, 156, 88], [109, 23, 132, 90], [38, -32, 60, 10], [-6, -31, 11, 13], [65, 18, 89, 86], [59, 19, 85, 85]]
[[128, 13, 155, 87], [78, 17, 104, 86], [107, 22, 131, 90], [64, 19, 88, 85], [38, -32, 60, 10], [59, 20, 85, 84], [68, 18, 93, 86], [51, 20, 79, 83]]
